210920T124039_210824T225103_210726_sos_CMIP6_ssp585_2071_2101_mean-0p5deg.txt
ncols 719
nrows 359
xllcorner 0.0
yllcorner 89.5
cellsize -0.5
NODATA_value -99999
[rows 0 to 31 of 359, columns 71 to 141 of 719]
30.788 30.788 30.789 30.789 30.790 30.790 30.791 30.792 30.792 30.793 30.793 30.794 30.794 30.795 30.795 30.796 30.797 30.797 30.797 30.798 30.798 30.799 30.800 30.800 30.803 30.806 30.565 30.324 30.324 30.324 30.324 30.325 30.325 30.325 30.364 30.403 30.366 30.329 30.329 30.330 30.330 30.330 30.330 30.330 30.330 30.330 30.330 30.330 30.331 30.331 30.331 30.331 30.332 30.332 30.332 30.332 30.332 30.332 30.332 30.332 30.369 30.406 30.405 30.405 30.405 30.405 30.405 30.405 30.405 30.405 30.405
30.880 30.882 30.883 30.884 30.885 30.886 30.887 30.889 30.890 30.891 30.892 30.893 30.894 30.896 30.897 30.898 30.899 30.900 30.900 30.901 30.902 30.903 30.904 30.905 30.908 30.910 30.790 30.670 30.670 30.671 30.672 30.672 30.667 30.661 30.681 30.701 30.683 30.665 30.665 30.666 30.669 30.672 30.672 30.672 30.665 30.658 30.658 30.658 30.659 30.659 30.671 30.682 30.690 30.698 30.698 30.698 30.695 30.693 30.566 30.440 30.458 30.477 30.476 30.476 30.489 30.503 30.503 30.502 30.502 30.501 30.521
30.973 30.975 30.977 30.979 30.981 30.982 30.984 30.986 30.987 30.989 30.991 30.993 30.995 30.996 30.998 30.999 31.001 31.002 31.004 31.005 31.006 31.008 31.009 31.011 31.012 31.013 31.014 31.016 31.017 31.018 31.019 31.020 31.008 30.997 30.998 30.999 30.999 31.000 31.001 31.002 31.008 31.013 31.014 31.015 31.000 30.985 30.986 30.986 30.987 30.988 31.010 31.032 31.048 31.064 31.064 31.065 31.059 31.054 30.801 30.549 30.548 30.548 30.547 30.546 30.574 30.601 30.600 30.600 30.599 30.598 30.638
31.070 31.073 31.076 31.079 31.081 31.083 31.086 31.088 31.090 31.093 31.095 31.098 31.100 31.102 31.104 31.106 31.108 31.110 31.112 31.114 31.116 31.118 31.120 31.122 31.123 31.125 31.127 31.128 31.130 31.131 31.133 31.134 31.129 31.124 31.125 31.126 31.127 31.128 31.124 31.120 31.123 31.126 31.127 31.128 31.125 31.122 31.117 31.111 31.112 31.112 31.130 31.147 31.151 31.154 31.154 31.155 31.152 31.149 31.028 30.907 30.907 30.906 30.906 30.905 30.787 30.669 30.680 30.691 30.689 30.688 30.707
31.167 31.171 31.175 31.178 31.181 31.185 31.187 31.190 31.193 31.196 31.200 31.203 31.205 31.208 31.211 31.213 31.216 31.219 31.221 31.224 31.226 31.228 31.230 31.232 31.235 31.237 31.239 31.241 31.243 31.245 31.246 31.248 31.249 31.250 31.252 31.253 31.254 31.255 31.246 31.238 31.239 31.239 31.240 31.241 31.250 31.260 31.248 31.236 31.237 31.237 31.250 31.262 31.253 31.245 31.245 31.245 31.245 31.245 31.255 31.266 31.265 31.265 31.264 31.264 31.001 30.737 30.759 30.781 30.780 30.778 30.776
31.268 31.273 31.277 31.281 31.285 31.289 31.293 31.296 31.300 31.304 31.307 31.311 31.314 31.317 31.320 31.323 31.326 31.329 31.332 31.335 31.338 31.340 31.343 31.345 31.348 31.350 31.352 31.354 31.356 31.358 31.360 31.362 31.363 31.365 31.367 31.368 31.369 31.371 31.367 31.363 31.361 31.359 31.359 31.360 31.371 31.383 31.372 31.362 31.362 31.363 31.374 31.385 31.374 31.364 31.363 31.363 31.366 31.369 31.374 31.379 31.379 31.378 31.377 31.377 31.244 31.112 31.123 31.133 30.986 30.838 30.836
31.370 31.374 31.379 31.384 31.389 31.394 31.398 31.402 31.407 31.411 31.415 31.418 31.422 31.426 31.430 31.434 31.437 31.440 31.443 31.446 31.450 31.453 31.456 31.458 31.461 31.464 31.466 31.468 31.470 31.472 31.474 31.476 31.478 31.480 31.481 31.483 31.485 31.486 31.488 31.489 31.484 31.478 31.479 31.479 31.493 31.506 31.497 31.487 31.488 31.489 31.499 31.508 31.495 31.482 31.482 31.481 31.487 31.494 31.493 31.493 31.492 31.491 31.490 31.489 31.488 31.487 31.486 31.485 31.192 30.899 30.895
31.470 31.476 31.481 31.486 31.491 31.497 31.501 31.506 31.511 31.515 31.519 31.523 31.528 31.532 31.536 31.540 31.543 31.547 31.551 31.554 31.557 31.561 31.564 31.567 31.570 31.573 31.576 31.578 31.581 31.583 31.586 31.588 31.590 31.592 31.593 31.595 31.597 31.598 31.600 31.601 31.599 31.597 31.596 31.595 31.601 31.608 31.609 31.610 31.611 31.611 31.611 31.611 31.604 31.598 31.599 31.601 31.604 31.607 31.606 31.606 31.605 31.604 31.603 31.602 31.601 31.600 31.599 31.597 31.296 30.994 30.990
31.571 31.577 31.582 31.587 31.593 31.599 31.604 31.609 31.614 31.619 31.624 31.628 31.633 31.637 31.642 31.646 31.650 31.654 31.658 31.662 31.665 31.669 31.672 31.675 31.679 31.682 31.686 31.689 31.692 31.695 31.697 31.699 31.702 31.704 31.705 31.707 31.709 31.710 31.712 31.714 31.715 31.716 31.713 31.710 31.710 31.711 31.722 31.732 31.733 31.733 31.723 31.713 31.713 31.713 31.717 31.721 31.721 31.720 31.720 31.719 31.718 31.717 31.716 31.715 31.714 31.712 31.711 31.709 31.399 31.089 31.084
31.676 31.683 31.689 31.694 31.701 31.707 31.713 31.718 31.723 31.729 31.734 31.739 31.744 31.749 31.754 31.759 31.763 31.768 31.772 31.776 31.780 31.784 31.788 31.791 31.795 31.798 31.801 31.804 31.807 31.809 31.812 31.814 31.816 31.817 31.819 31.821 31.822 31.824 31.825 31.827 31.828 31.829 31.827 31.826 31.825 31.824 31.837 31.850 31.851 31.851 31.839 31.826 31.827 31.829 31.831 31.833 31.832 31.832 31.832 31.831 31.831 31.830 31.829 31.828 31.827 31.826 31.825 31.824 31.668 31.512 31.352
31.782 31.789 31.795 31.802 31.808 31.815 31.821 31.827 31.833 31.838 31.844 31.849 31.855 31.861 31.866 31.871 31.876 31.881 31.886 31.891 31.895 31.899 31.903 31.907 31.910 31.914 31.917 31.919 31.922 31.924 31.926 31.928 31.930 31.931 31.933 31.935 31.936 31.937 31.938 31.939 31.940 31.941 31.942 31.942 31.939 31.936 31.952 31.968 31.969 31.970 31.954 31.939 31.942 31.945 31.945 31.944 31.944 31.944 31.944 31.943 31.943 31.943 31.942 31.942 31.941 31.940 31.939 31.939 31.937 31.936 31.620
31.908 31.916 31.923 31.930 31.938 31.946 31.953 31.961 31.968 31.975 31.981 31.988 31.995 32.001 32.008 32.015 32.021 32.027 32.033 32.039 32.044 32.049 32.053 32.057 32.061 32.065 32.068 32.071 32.073 32.075 32.077 32.078 32.079 32.080 32.081 32.081 32.081 32.081 32.080 32.080 32.079 32.078 32.077 32.076 32.071 32.066 32.082 32.097 32.097 32.097 32.079 32.061 32.063 32.065 32.064 32.062 32.062 32.062 32.062 32.061 32.061 32.060 32.060 32.059 32.059 32.059 32.059 32.059 32.059 32.058 31.747
32.035 32.044 32.051 32.059 32.068 32.077 32.085 32.094 32.103 32.111 32.119 32.127 32.135 32.142 32.150 32.158 32.166 32.173 32.180 32.187 32.193 32.198 32.203 32.208 32.212 32.216 32.219 32.222 32.224 32.226 32.227 32.228 32.228 32.228 32.228 32.227 32.226 32.224 32.222 32.220 32.218 32.216 32.213 32.210 32.204 32.196 32.212 32.227 32.225 32.224 32.204 32.183 32.185 32.186 32.183 32.180 32.180 32.180 32.180 32.179 32.179 32.178 32.178 32.177 32.178 32.179 32.179 32.179 32.180 32.180 31.873
32.207 32.215 32.224 32.232 32.241 32.250 32.261 32.272 32.283 32.293 32.304 32.315 32.325 32.335 32.346 32.357 32.367 32.377 32.387 32.396 32.404 32.412 32.419 32.425 32.430 32.435 32.438 32.442 32.444 32.447 32.448 32.448 32.447 32.445 32.442 32.438 32.434 32.430 32.425 32.420 32.415 32.410 32.404 32.398 32.388 32.378 32.387 32.396 32.390 32.384 32.362 32.339 32.338 32.336 32.331 32.326 32.323 32.319 32.317 32.315 32.314 32.312 32.311 32.310 32.310 32.310 32.311 32.312 32.313 32.315 32.024
32.379 32.387 32.396 32.405 32.415 32.424 32.437 32.450 32.463 32.475 32.489 32.502 32.515 32.528 32.542 32.556 32.569 32.582 32.593 32.605 32.616 32.626 32.635 32.642 32.648 32.654 32.658 32.661 32.664 32.667 32.668 32.668 32.665 32.662 32.656 32.649 32.642 32.635 32.628 32.620 32.612 32.604 32.595 32.585 32.572 32.559 32.562 32.565 32.555 32.545 32.520 32.495 32.491 32.487 32.479 32.471 32.465 32.458 32.455 32.450 32.449 32.447 32.445 32.443 32.443 32.442 32.443 32.444 32.446 32.449 32.174
32.587 32.594 32.603 32.612 32.624 32.636 32.653 32.669 32.688 32.707 32.728 32.748 32.770 32.791 32.810 32.828 32.842 32.856 32.867 32.879 32.887 32.894 32.896 32.897 32.896 32.894 32.890 32.886 32.883 32.879 32.876 32.872 32.864 32.855 32.862 32.869 32.861 32.853 32.916 32.979 32.976 32.972 32.889 32.806 32.774 32.743 32.730 32.717 32.711 32.704 32.681 32.657 32.649 32.641 32.632 32.623 32.616 32.608 32.603 32.598 32.593 32.588 32.589 32.589 32.589 32.588 32.590 32.591 32.595 32.598 32.462
32.795 32.801 32.810 32.818 32.833 32.848 32.868 32.888 32.913 32.938 32.966 32.995 33.024 33.053 33.077 33.101 33.115 33.130 33.141 33.152 33.157 33.162 33.158 33.153 -99999 -99999 -99999 -99999 -99999 -99999 33.084 33.075 33.062 33.049 33.069 33.088 33.080 33.071 -99999 -99999 -99999 -99999 -99999 -99999 -99999 -99999 -99999 -99999 -99999 -99999 -99999 -99999 -99999 -99999 32.786 32.775 32.767 32.758 32.752 32.746 32.738 32.729 32.732 32.735 32.735 32.735 32.737 32.738 32.743 32.747 32.750
32.966 32.973 32.984 32.994 33.009 33.023 33.042 33.060 33.083 33.107 33.133 33.160 33.188 33.216 33.241 33.267 33.285 33.303 33.323 33.343 33.352 33.361 33.346 33.331 -99999 -99999 -99999 -99999 -99999 -99999 33.410 33.402 33.381 33.360 33.361 33.362 33.341 33.321 -99999 -99999 -99999 -99999 -99999 -99999 -99999 -99999 -99999 -99999 -99999 -99999 -99999 -99999 -99999 -99999 33.047 32.960 32.950 32.939 32.928 32.917 32.883 32.849 32.850 32.851 32.841 32.831 32.823 32.815 32.808 32.802 32.791
33.137 33.146 33.158 33.171 33.185 33.199 33.215 33.231 33.254 33.276 33.300 33.325 33.352 33.379 33.406 33.433 33.454 33.476 33.505 33.534 33.547 33.561 33.535 33.510 -99999 -99999 -99999 -99999 -99999 -99999 33.737 33.729 33.699 33.670 33.653 33.635 33.602 33.570 -99999 -99999 -99999 -99999 -99999 -99999 -99999 -99999 -99999 -99999 -99999 -99999 -99999 -99999 -99999 -99999 33.309 33.145 33.133 33.121 33.105 33.089 33.029 32.969 32.968 32.966 32.947 32.928 32.910 32.892 32.874 32.856 32.833
33.271 33.280 33.293 33.305 33.318 33.331 33.346 33.360 33.378 33.395 33.416 33.437 33.460 33.482 33.506 33.529 33.551 33.572 33.595 33.617 33.630 33.642 33.632 33.621 -99999 -99999 -99999 -99999 -99999 -99999 33.730 33.723 33.699 33.675 33.677 33.679 33.636 33.593 -99999 -99999 -99999 -99999 -99999 -99999 -99999 -99999 -99999 -99999 -99999 -99999 -99999 -99999 -99999 -99999 33.277 33.189 33.177 33.164 33.148 33.131 33.092 33.053 33.042 33.030 33.008 32.986 32.962 32.939 32.911 32.883 32.849
33.405 33.415 33.427 33.439 33.452 33.464 33.476 33.488 33.502 33.515 33.532 33.549 33.567 33.585 33.606 33.626 33.647 33.669 33.685 33.701 33.712 33.723 33.728 33.733 33.737 33.741 33.742 33.744 33.737 33.731 33.724 33.717 33.699 33.680 33.702 33.723 33.669 33.616 33.587 33.558 33.543 33.527 33.501 33.474 33.445 33.417 33.381 33.346 33.326 33.306 33.297 33.289 33.274 33.259 33.246 33.233 33.220 33.208 33.191 33.174 33.156 33.138 33.116 33.094 33.069 33.043 33.014 32.985 32.947 32.909 32.866
33.551 33.556 33.563 33.569 33.579 33.588 33.599 33.609 33.624 33.639 33.656 33.673 33.689 33.705 33.722 33.738 33.753 33.768 33.779 33.790 33.797 33.803 33.804 33.805 33.805 33.805 33.802 33.798 33.789 33.779 33.769 33.760 33.746 33.731 33.737 33.742 33.706 33.670 33.643 33.615 33.593 33.570 33.540 33.511 33.483 33.456 33.423 33.390 33.371 33.351 33.345 33.339 33.327 33.315 33.304 33.292 33.279 33.266 33.250 33.233 33.214 33.195 33.175 33.155 33.130 33.106 33.078 33.051 33.014 32.977 32.933
33.697 33.696 33.698 33.700 33.706 33.712 33.721 33.731 33.746 33.762 33.780 33.797 33.811 33.825 33.837 33.849 33.859 33.868 33.874 33.879 33.881 33.883 33.880 33.877 33.873 33.869 33.861 33.853 33.840 33.828 33.815 33.802 33.792 33.783 33.772 33.761 33.743 33.725 33.699 33.673 33.642 33.612 33.580 33.548 33.522 33.495 33.465 33.435 33.416 33.397 33.393 33.389 33.380 33.372 33.361 33.351 33.338 33.325 33.309 33.292 33.272 33.252 33.234 33.215 33.191 33.168 33.142 33.116 33.080 33.044 33.000
33.795 33.792 33.792 33.792 33.797 33.803 33.813 33.823 33.835 33.848 33.860 33.872 33.882 33.892 33.898 33.905 33.910 33.914 33.916 33.918 33.914 33.911 33.902 33.894 33.884 33.873 33.860 33.846 33.829 33.812 33.796 33.780 33.767 33.753 33.741 33.729 33.718 33.707 33.691 33.676 33.659 33.641 33.620 33.599 33.575 33.551 33.525 33.500 33.485 33.471 33.464 33.458 33.449 33.440 33.418 33.396 33.380 33.364 33.346 33.328 33.302 33.277 33.242 33.208 33.168 33.128 33.088 33.048 32.991 32.934 32.874
33.892 33.887 33.885 33.884 33.889 33.895 33.905 33.915 33.924 33.933 33.940 33.948 33.953 33.958 33.959 33.961 33.961 33.960 33.958 33.956 33.947 33.938 33.925 33.911 33.895 33.878 33.859 33.839 33.818 33.797 33.778 33.759 33.741 33.723 33.710 33.696 33.693 33.689 33.684 33.679 33.675 33.670 33.660 33.650 33.628 33.606 33.586 33.565 33.554 33.544 33.535 33.527 33.517 33.508 -99999 -99999 -99999 -99999 -99999 -99999 -99999 -99999 -99999 -99999 -99999 -99999 -99999 -99999 32.901 32.824 32.748
33.994 33.988 33.985 33.981 33.981 33.982 33.985 33.988 33.990 33.992 33.995 33.997 33.993 33.989 33.982 33.974 33.966 33.957 33.949 33.942 33.931 33.921 33.907 33.894 33.878 33.862 33.841 33.820 33.798 33.777 33.754 33.731 33.707 33.683 33.678 33.672 33.656 33.640 33.618 33.596 33.591 33.586 33.580 33.574 33.578 33.582 33.625 33.667 33.645 33.622 33.602 33.581 33.435 33.289 -99999 -99999 -99999 -99999 -99999 -99999 -99999 -99999 -99999 -99999 -99999 -99999 -99999 -99999 32.292 32.222 32.121
34.095 34.089 34.084 34.078 34.073 34.068 34.064 34.060 34.056 34.052 34.049 34.046 34.033 34.020 34.004 33.987 33.970 33.953 33.941 33.928 33.915 33.903 33.890 33.877 33.861 33.845 33.823 33.800 33.778 33.756 33.729 33.702 33.672 33.643 33.645 33.648 33.619 33.590 33.552 33.513 33.507 33.502 -99999 -99999 -99999 -99999 -99999 -99999 -99999 -99999 -99999 -99999 -99999 -99999 -99999 -99999 -99999 -99999 -99999 -99999 -99999 -99999 -99999 -99999 -99999 -99999 -99999 -99999 31.682 31.620 31.494
34.127 34.122 34.116 34.110 34.104 34.099 34.090 34.081 34.068 34.056 34.043 34.029 34.010 33.991 33.970 33.949 33.929 33.909 33.891 33.873 33.858 33.844 33.830 33.816 33.800 33.784 33.763 33.742 33.716 33.690 33.655 33.620 33.584 33.548 33.544 33.540 33.509 33.479 33.436 33.394 33.273 33.153 -99999 -99999 -99999 -99999 -99999 -99999 -99999 -99999 -99999 -99999 -99999 -99999 -99999 -99999 -99999 -99999 -99999 -99999 -99999 -99999 -99999 -99999 -99999 -99999 -99999 -99999 30.881 30.762 30.624
34.159 34.155 34.148 34.142 34.135 34.129 34.115 34.102 34.081 34.060 34.036 34.012 33.987 33.961 33.936 33.910 33.887 33.864 33.841 33.818 33.802 33.786 33.771 33.756 33.739 33.722 33.703 33.683 33.653 33.623 33.581 33.538 33.496 33.454 33.443 33.431 33.400 33.368 -99999 -99999 -99999 -99999 -99999 -99999 -99999 -99999 -99999 -99999 -99999 -99999 -99999 -99999 -99999 -99999 -99999 -99999 -99999 -99999 30.920 30.991 30.739 30.489 30.764 31.041 30.839 30.638 30.447 30.257 30.080 29.905 29.755
34.142 34.138 34.131 34.125 34.118 34.110 34.099 34.088 34.069 34.051 34.030 34.010 33.984 33.958 33.929 33.901 33.871 33.842 33.812 33.783 33.759 33.735 33.712 33.689 33.667 33.645 33.622 33.599 33.579 33.559 33.522 33.485 33.436 33.388 33.385 33.382 33.375 33.368 -99999 -99999 -99999 -99999 -99999 -99999 -99999 -99999 -99999 -99999 -99999 -99999 -99999 -99999 -99999 -99999 -99999 -99999 -99999 -99999 30.713 30.693 30.488 30.284 30.319 30.354 30.118 29.883 29.646 29.410 29.187 28.966 28.768
34.124 34.121 34.114 34.108 34.100 34.092 34.083 34.073 34.058 34.042 34.025 34.007 33.980 33.954 33.922 33.891 33.855 33.820 33.784 33.748 33.716 33.684 33.654 33.623 33.596 33.568 33.541 33.515 33.505 33.495 33.463 33.431 33.376 33.322 33.327 33.333 -99999 -99999 -99999 -99999 -99999 -99999 -99999 -99999 -99999 -99999 -99999 -99999 30.935 30.759 30.924 31.089 31.026 30.963 30.879 30.795 30.706 30.618 30.507 30.396 30.238 30.080 29.873 29.668 29.397 29.127 28.844 28.562 -99999 -99999 -99999
34.058 34.058 34.055 34.053 34.044 34.036 34.025 34.014 33.998 33.983 33.965 33.948 33.924 33.900 33.871 33.843 33.811 33.779 33.746 33.713 33.681 33.649 33.617 33.584 33.553 33.521 33.489 33.457 33.442 33.427 33.394 33.361 33.300 33.240 33.123 33.007 -99999 -99999 -99999 -99999 -99999 -99999 -99999 -99999 -99999 -99999 -99999 -99999 30.970 30.851 30.898 30.946 30.875 30.806 30.722 30.638 30.536 30.434 30.298 30.163 29.986 29.810 29.581 29.352 29.061 28.771 28.485 28.200 -99999 -99999 -99999
