210927T094733_210824T225103_210726_sos_CMIP6_ssp126_2071_2101_mean-0p5deg.txt
ncols 719
nrows 359
xllcorner 0.0
yllcorner 89.5
cellsize -0.5
NODATA_value -99999
[rows 128 to 159 of 359, columns 568 to 638 of 719]
36.813 36.855 36.897 36.934 36.971 36.994 37.017 37.036 37.055 37.071 37.087 37.100 37.114 37.129 37.143 37.157 37.171 37.183 37.196 37.208 37.219 37.231 37.243 37.256 37.269 37.282 37.294 37.309 37.324 37.340 37.357 37.375 37.393 37.410 37.428 37.445 37.462 37.480 37.497 37.514 37.531 37.549 37.566 37.583 37.600 37.617 37.634 37.651 37.669 37.685 37.702 37.717 37.732 37.747 37.761 37.774 37.786 37.795 37.803 37.810 37.816 37.820 37.823 37.826 37.828 37.828 37.827 37.824 37.822 37.805 37.789
36.799 36.841 36.883 36.922 36.960 36.983 37.006 37.025 37.045 37.063 37.081 37.097 37.112 37.128 37.144 37.159 37.173 37.186 37.199 37.212 37.224 37.237 37.250 37.264 37.277 37.291 37.305 37.321 37.337 37.355 37.373 37.392 37.410 37.429 37.448 37.466 37.484 37.502 37.521 37.539 37.557 37.576 37.595 37.613 37.631 37.649 37.667 37.685 37.703 37.720 37.737 37.752 37.767 37.781 37.795 37.807 37.819 37.825 37.832 37.837 37.842 37.844 37.845 37.845 37.846 37.843 37.840 37.835 37.830 37.813 37.795
36.786 36.827 36.869 36.909 36.949 36.972 36.994 37.015 37.036 37.056 37.076 37.093 37.111 37.128 37.145 37.160 37.175 37.189 37.202 37.216 37.230 37.244 37.258 37.272 37.286 37.301 37.316 37.334 37.351 37.370 37.389 37.408 37.428 37.448 37.467 37.487 37.506 37.525 37.544 37.564 37.583 37.603 37.623 37.642 37.661 37.681 37.700 37.719 37.738 37.755 37.773 37.788 37.803 37.816 37.829 37.840 37.851 37.856 37.861 37.864 37.868 37.867 37.867 37.865 37.863 37.858 37.853 37.846 37.839 37.821 37.802
36.782 36.820 36.857 36.894 36.932 36.952 36.972 36.991 37.010 37.030 37.050 37.068 37.087 37.105 37.123 37.139 37.155 37.169 37.183 37.198 37.212 37.226 37.241 37.256 37.271 37.288 37.305 37.323 37.342 37.362 37.382 37.402 37.422 37.443 37.463 37.483 37.503 37.524 37.544 37.564 37.585 37.607 37.628 37.648 37.669 37.689 37.708 37.727 37.746 37.764 37.781 37.796 37.811 37.823 37.835 37.844 37.852 37.856 37.859 37.860 37.862 37.859 37.857 37.853 37.849 37.842 37.835 37.826 37.818 37.799 37.779
36.779 36.812 36.846 36.880 36.915 36.932 36.949 36.967 36.985 37.004 37.023 37.043 37.062 37.082 37.102 37.119 37.136 37.150 37.165 37.179 37.194 37.209 37.225 37.240 37.256 37.274 37.293 37.313 37.332 37.353 37.375 37.396 37.417 37.438 37.459 37.480 37.501 37.522 37.544 37.565 37.587 37.610 37.633 37.655 37.676 37.697 37.717 37.736 37.755 37.773 37.790 37.804 37.819 37.830 37.841 37.847 37.853 37.855 37.857 37.856 37.856 37.851 37.847 37.841 37.835 37.826 37.817 37.807 37.797 37.776 37.756
36.762 36.789 36.816 36.851 36.886 36.902 36.919 36.936 36.952 36.969 36.986 37.000 37.015 37.033 37.051 37.069 37.088 37.103 37.119 37.134 37.149 37.164 37.179 37.195 37.212 37.232 37.252 37.273 37.295 37.317 37.339 37.360 37.381 37.402 37.423 37.445 37.467 37.490 37.513 37.536 37.560 37.584 37.608 37.631 37.654 37.674 37.695 37.714 37.732 37.749 37.766 37.779 37.793 37.802 37.811 37.815 37.819 37.820 37.820 37.818 37.816 37.810 37.804 37.797 37.790 37.780 37.770 37.760 37.749 37.728 37.707
36.744 36.765 36.786 36.822 36.857 36.873 36.889 36.904 36.919 36.934 36.948 36.958 36.968 36.984 37.000 37.020 37.041 37.057 37.073 37.088 37.103 37.118 37.134 37.151 37.168 37.189 37.211 37.234 37.258 37.281 37.303 37.324 37.345 37.366 37.387 37.410 37.433 37.458 37.482 37.507 37.532 37.558 37.583 37.607 37.631 37.652 37.673 37.691 37.710 37.726 37.742 37.754 37.767 37.774 37.781 37.783 37.785 37.784 37.783 37.779 37.775 37.768 37.761 37.753 37.744 37.734 37.724 37.713 37.701 37.680 37.659
36.745 36.751 36.757 36.791 36.825 36.845 36.865 36.879 36.894 36.905 36.915 36.916 36.916 36.927 36.939 36.959 36.979 36.996 37.012 37.027 37.042 37.055 37.069 37.084 37.099 37.120 37.141 37.165 37.190 37.214 37.238 37.259 37.280 37.301 37.322 37.346 37.370 37.396 37.423 37.449 37.475 37.501 37.527 37.552 37.577 37.598 37.620 37.638 37.655 37.670 37.685 37.695 37.706 37.712 37.717 37.718 37.720 37.717 37.715 37.711 37.706 37.698 37.691 37.683 37.676 37.666 37.656 37.646 37.636 37.615 37.594
-99999 -99999 -99999 36.760 36.793 36.817 36.841 36.855 36.868 36.875 36.883 36.873 36.864 36.871 36.878 36.898 36.918 36.935 36.951 36.966 36.980 36.992 37.004 37.017 37.030 37.050 37.071 37.096 37.122 37.147 37.173 37.194 37.215 37.236 37.257 37.282 37.307 37.335 37.363 37.390 37.418 37.444 37.471 37.497 37.522 37.544 37.567 37.584 37.601 37.614 37.627 37.636 37.646 37.650 37.654 37.654 37.654 37.651 37.648 37.642 37.636 37.629 37.622 37.614 37.607 37.598 37.589 37.579 37.570 37.550 37.529
-99999 -99999 -99999 36.686 36.695 36.759 36.822 36.809 36.795 36.809 36.823 36.823 36.824 36.814 36.805 36.823 36.842 36.859 36.877 36.891 36.905 36.913 36.921 36.929 36.937 36.955 36.973 36.998 37.023 37.049 37.075 37.096 37.117 37.139 37.162 37.188 37.214 37.244 37.273 37.302 37.331 37.358 37.386 37.413 37.439 37.462 37.485 37.502 37.519 37.531 37.544 37.552 37.561 37.565 37.569 37.569 37.570 37.566 37.563 37.558 37.553 37.547 37.541 37.534 37.527 37.520 37.512 37.505 37.498 37.478 37.458
-99999 -99999 -99999 36.612 36.598 -99999 -99999 -99999 -99999 -99999 -99999 36.773 36.783 36.757 36.731 36.748 36.765 36.784 36.802 36.816 36.831 36.834 36.837 36.840 36.844 36.859 36.875 36.899 36.924 36.951 36.978 36.999 37.020 37.043 37.066 37.093 37.121 37.152 37.184 37.213 37.243 37.272 37.302 37.329 37.356 37.379 37.403 37.420 37.437 37.449 37.461 37.469 37.477 37.480 37.484 37.485 37.485 37.481 37.478 37.474 37.469 37.464 37.459 37.454 37.448 37.442 37.436 37.431 37.425 37.406 37.388
-99999 -99999 -99999 36.600 36.592 -99999 -99999 -99999 -99999 -99999 -99999 36.570 36.631 36.650 36.669 36.685 36.702 36.718 36.734 36.742 36.749 36.743 36.736 36.732 36.728 36.741 36.754 36.777 36.800 36.825 36.850 36.870 36.891 36.915 36.940 36.969 36.999 37.033 37.068 37.100 37.132 37.163 37.195 37.224 37.252 37.277 37.302 37.319 37.337 37.349 37.362 37.371 37.380 37.384 37.389 37.390 37.391 37.389 37.387 37.383 37.380 37.375 37.371 37.367 37.363 37.358 37.354 37.350 37.346 37.328 37.310
36.616 36.603 36.590 36.588 36.586 -99999 -99999 -99999 -99999 -99999 -99999 -99999 -99999 36.543 36.608 36.623 36.638 36.652 36.666 36.667 36.668 36.651 36.635 36.624 36.613 36.623 36.633 36.654 36.676 36.699 36.722 36.742 36.762 36.788 36.814 36.846 36.878 36.914 36.952 36.986 37.021 37.054 37.088 37.118 37.149 37.174 37.200 37.218 37.237 37.250 37.263 37.273 37.283 37.288 37.294 37.296 37.298 37.296 37.295 37.292 37.290 37.286 37.282 37.280 37.277 37.274 37.271 37.269 37.267 37.249 37.231
36.579 36.547 36.515 36.498 36.482 -99999 -99999 -99999 -99999 -99999 -99999 -99999 -99999 36.370 36.431 36.443 36.456 36.445 36.436 36.466 36.497 36.505 36.514 36.499 36.485 36.492 36.501 36.520 36.541 36.560 36.579 36.597 36.616 36.642 36.669 36.704 36.738 36.778 36.819 36.857 36.895 36.933 36.970 37.003 37.036 37.063 37.091 37.111 37.131 37.145 37.160 37.171 37.182 37.189 37.197 37.200 37.204 37.203 37.203 37.202 37.200 37.197 37.195 37.193 37.192 37.190 37.188 37.187 37.186 37.168 37.150
36.543 36.491 36.440 36.409 36.378 36.240 36.101 -99999 -99999 -99999 -99999 -99999 -99999 36.197 36.254 36.263 36.273 36.239 36.205 36.265 36.326 36.359 36.392 36.374 36.357 36.362 36.368 36.386 36.405 36.420 36.436 36.452 36.470 36.497 36.525 36.562 36.599 36.642 36.686 36.728 36.770 36.811 36.852 36.888 36.924 36.952 36.981 37.003 37.025 37.041 37.058 37.070 37.082 37.091 37.099 37.104 37.109 37.110 37.112 37.111 37.110 37.108 37.107 37.107 37.106 37.106 37.105 37.105 37.105 37.087 37.068
36.477 36.440 36.403 36.379 36.354 36.279 36.204 -99999 -99999 -99999 -99999 -99999 -99999 36.203 36.229 36.224 36.219 36.198 36.177 36.204 36.232 36.246 36.261 36.243 36.225 36.231 36.236 36.252 36.268 36.280 36.291 36.306 36.321 36.349 36.376 36.414 36.453 36.499 36.546 36.590 36.635 36.680 36.725 36.764 36.803 36.835 36.867 36.891 36.916 36.934 36.953 36.967 36.981 36.992 37.002 37.009 37.015 37.018 37.021 37.021 37.022 37.021 37.021 37.021 37.022 37.021 37.021 37.022 37.022 37.003 36.983
36.411 36.389 36.367 36.348 36.330 36.318 36.307 36.343 36.380 36.326 36.272 36.243 36.214 36.209 36.204 36.184 36.165 36.157 36.149 36.144 36.138 36.133 36.129 36.111 36.094 36.099 36.105 36.118 36.132 36.139 36.147 36.160 36.173 36.200 36.228 36.267 36.307 36.356 36.405 36.453 36.500 36.549 36.598 36.640 36.683 36.718 36.753 36.779 36.806 36.827 36.848 36.864 36.881 36.893 36.905 36.913 36.921 36.926 36.930 36.932 36.934 36.934 36.934 36.935 36.937 36.937 36.937 36.938 36.939 36.919 36.898
36.325 36.301 36.277 36.260 36.242 36.232 36.222 36.234 36.245 36.207 36.169 36.143 36.118 36.110 36.102 36.083 36.064 36.049 36.035 36.026 36.016 36.008 35.999 35.984 35.968 35.971 35.974 35.986 35.998 36.004 36.011 36.024 36.037 36.063 36.089 36.126 36.162 36.211 36.260 36.309 36.359 36.412 36.465 36.511 36.558 36.596 36.635 36.664 36.694 36.718 36.741 36.760 36.779 36.793 36.807 36.816 36.826 36.832 36.838 36.841 36.844 36.845 36.846 36.847 36.849 36.849 36.849 36.851 36.852 36.831 36.809
36.239 36.213 36.188 36.171 36.154 36.146 36.138 36.124 36.110 36.088 36.066 36.044 36.023 36.012 36.000 35.981 35.962 35.942 35.921 35.908 35.895 35.882 35.869 35.856 35.843 35.843 35.844 35.854 35.864 35.869 35.875 35.887 35.900 35.925 35.951 35.984 36.018 36.066 36.115 36.166 36.218 36.275 36.332 36.382 36.432 36.474 36.516 36.549 36.582 36.608 36.635 36.656 36.677 36.693 36.708 36.720 36.731 36.739 36.746 36.750 36.754 36.756 36.757 36.759 36.761 36.762 36.762 36.764 36.765 36.742 36.719
36.193 36.169 36.144 36.127 36.110 36.096 36.082 36.063 36.045 36.021 35.997 35.975 35.953 35.936 35.918 35.895 35.872 35.848 35.824 35.807 35.791 35.775 35.760 35.747 35.734 35.732 35.729 35.736 35.744 35.749 35.754 35.766 35.778 35.802 35.826 35.854 35.883 35.927 35.972 36.023 36.074 36.133 36.193 36.248 36.304 36.351 36.398 36.435 36.472 36.500 36.529 36.552 36.575 36.592 36.609 36.622 36.635 36.644 36.653 36.659 36.664 36.667 36.669 36.671 36.674 36.674 36.675 36.676 36.678 36.653 36.629
36.147 36.124 36.101 36.083 36.066 36.046 36.025 36.003 35.980 35.954 35.929 35.906 35.884 35.860 35.836 35.809 35.781 35.754 35.727 35.707 35.687 35.669 35.650 35.638 35.625 35.620 35.615 35.619 35.623 35.628 35.633 35.644 35.656 35.678 35.701 35.724 35.747 35.788 35.829 35.879 35.929 35.991 36.054 36.114 36.175 36.228 36.281 36.321 36.362 36.392 36.423 36.448 36.473 36.491 36.509 36.524 36.539 36.549 36.560 36.567 36.574 36.577 36.581 36.583 36.586 36.586 36.587 36.589 36.590 36.564 36.539
36.181 36.158 36.135 36.117 36.098 36.074 36.050 36.021 35.992 35.959 35.926 35.896 35.865 35.836 35.806 35.776 35.745 35.714 35.683 35.657 35.632 35.609 35.586 35.570 35.555 35.545 35.535 35.534 35.534 35.534 35.535 35.543 35.551 35.572 35.593 35.610 35.628 35.661 35.694 35.738 35.782 35.843 35.904 35.969 36.033 36.094 36.155 36.203 36.251 36.286 36.321 36.349 36.377 36.396 36.416 36.432 36.448 36.460 36.473 36.481 36.490 36.495 36.500 36.503 36.506 36.507 36.509 36.509 36.510 36.484 36.457
36.214 36.192 36.170 36.150 36.131 36.102 36.074 36.040 36.005 35.965 35.924 35.885 35.847 35.811 35.776 35.743 35.709 35.674 35.638 35.607 35.577 35.550 35.522 35.503 35.484 35.469 35.454 35.450 35.445 35.441 35.437 35.442 35.447 35.466 35.486 35.497 35.509 35.534 35.559 35.596 35.635 35.694 35.754 35.823 35.891 35.960 36.029 36.085 36.141 36.180 36.219 36.250 36.280 36.302 36.323 36.340 36.357 36.371 36.385 36.396 36.407 36.413 36.419 36.423 36.427 36.428 36.430 36.430 36.430 36.403 36.376
36.305 36.289 36.273 36.258 36.242 36.214 36.186 36.149 36.112 36.063 36.013 35.967 35.921 35.879 35.836 35.798 35.759 35.717 35.674 35.635 35.595 35.557 35.520 35.493 35.465 35.442 35.419 35.405 35.392 35.382 35.372 35.369 35.367 35.386 35.405 35.411 35.417 35.433 35.450 35.477 35.504 35.555 35.606 35.671 35.735 35.809 35.884 35.951 36.018 36.067 36.117 36.153 36.189 36.215 36.241 36.260 36.279 36.294 36.309 36.322 36.334 36.342 36.350 36.355 36.360 36.362 36.365 36.365 36.366 36.338 36.311
36.395 36.386 36.377 36.366 36.354 36.326 36.298 36.259 36.220 36.161 36.102 36.049 35.995 35.946 35.897 35.853 35.809 35.760 35.710 35.662 35.613 35.565 35.518 35.482 35.446 35.415 35.383 35.361 35.339 35.323 35.307 35.297 35.287 35.305 35.323 35.324 35.325 35.333 35.341 35.357 35.373 35.415 35.458 35.518 35.579 35.659 35.739 35.817 35.895 35.955 36.014 36.056 36.098 36.128 36.158 36.179 36.201 36.217 36.233 36.247 36.262 36.271 36.281 36.287 36.293 36.297 36.300 36.300 36.301 36.273 36.246
36.436 36.443 36.450 36.468 36.486 36.483 36.480 36.432 36.385 36.331 36.278 36.220 36.161 36.100 36.039 35.990 35.940 35.886 35.832 35.779 35.726 35.661 35.595 35.544 35.493 35.446 35.398 35.363 35.328 35.302 35.276 35.255 35.233 35.249 35.266 35.261 35.256 35.259 35.263 35.269 35.276 35.307 35.338 35.388 35.438 35.512 35.587 35.668 35.750 35.821 35.893 35.947 36.001 36.039 36.077 36.103 36.129 36.147 36.165 36.181 36.197 36.208 36.219 36.227 36.234 36.239 36.243 36.245 36.246 36.220 36.194
36.477 36.500 36.523 36.570 36.618 -99999 -99999 -99999 -99999 -99999 -99999 -99999 -99999 36.255 36.181 36.126 36.070 36.012 35.954 35.896 35.838 35.756 35.673 35.607 35.540 35.477 35.414 35.365 35.317 35.281 35.246 35.213 35.180 35.194 35.208 35.197 35.187 35.186 35.185 35.182 35.179 35.199 35.219 35.257 35.296 35.365 35.435 35.520 35.605 35.688 35.772 35.837 35.904 35.949 35.996 36.026 36.057 36.076 36.096 36.114 36.132 36.145 36.158 36.167 36.176 36.181 36.187 36.189 36.192 36.167 36.142
36.449 36.461 36.473 36.549 36.625 -99999 -99999 -99999 -99999 -99999 -99999 -99999 -99999 36.376 36.331 36.280 36.228 36.178 36.128 36.081 36.034 35.938 35.841 35.748 35.654 35.560 35.465 35.410 35.356 35.297 35.239 35.207 35.175 35.176 35.176 35.156 35.135 35.132 35.129 35.120 35.111 35.123 35.135 35.165 35.194 35.254 35.314 35.391 35.467 35.550 35.633 35.707 35.782 35.840 35.898 35.937 35.977 36.001 36.024 36.045 36.066 36.081 36.095 36.105 36.115 36.122 36.129 36.133 36.137 36.114 36.091
36.421 -99999 -99999 -99999 -99999 -99999 -99999 -99999 -99999 -99999 -99999 -99999 -99999 -99999 -99999 -99999 -99999 -99999 -99999 -99999 -99999 36.119 36.008 -99999 -99999 -99999 -99999 -99999 -99999 35.313 35.232 35.201 35.171 35.158 35.145 35.114 35.084 35.078 35.073 35.058 35.043 35.047 35.052 35.072 35.092 35.143 35.193 35.261 35.330 35.412 35.494 35.577 35.660 35.730 35.800 35.849 35.897 35.925 35.953 35.976 36.000 36.016 36.033 36.044 36.055 36.063 36.072 36.077 36.082 36.062 36.041
36.456 -99999 -99999 -99999 -99999 -99999 -99999 -99999 -99999 -99999 -99999 -99999 -99999 -99999 -99999 -99999 -99999 -99999 -99999 -99999 -99999 36.512 36.463 -99999 -99999 -99999 -99999 -99999 -99999 35.300 35.160 35.190 35.219 35.192 35.164 35.115 35.067 35.053 35.040 35.019 34.998 34.997 34.997 35.012 35.027 35.072 35.118 35.179 35.240 35.314 35.387 35.463 35.540 35.612 35.685 35.742 35.799 35.834 35.869 35.897 35.924 35.942 35.961 35.972 35.984 35.993 36.002 36.009 36.015 35.996 35.976
-99999 -99999 -99999 -99999 -99999 -99999 -99999 -99999 -99999 -99999 -99999 -99999 -99999 -99999 -99999 -99999 -99999 -99999 -99999 -99999 -99999 -99999 -99999 -99999 -99999 -99999 -99999 -99999 -99999 -99999 -99999 35.178 35.268 35.225 35.182 35.116 35.050 35.029 35.007 34.980 34.953 34.947 34.941 34.951 34.962 35.002 35.043 35.096 35.150 35.215 35.280 35.350 35.419 35.494 35.569 35.635 35.701 35.743 35.786 35.817 35.848 35.868 35.889 35.900 35.913 35.923 35.933 35.941 35.948 35.930 35.912
-99999 -99999 -99999 -99999 -99999 -99999 -99999 -99999 -99999 -99999 -99999 -99999 -99999 -99999 -99999 -99999 -99999 -99999 -99999 -99999 -99999 -99999 -99999 -99999 -99999 -99999 -99999 -99999 -99999 -99999 -99999 35.135 35.321 35.294 35.267 35.183 35.098 35.059 35.020 34.981 34.942 34.931 34.920 34.921 34.922 34.959 34.996 35.050 35.104 35.166 35.228 35.288 35.348 35.416 35.483 35.546 35.609 35.653 35.698 35.731 35.765 35.787 35.810 35.823 35.836 35.846 35.856 35.865 35.873 35.855 35.837
