210927T094733_210824T225103_210726_sos_CMIP6_ssp126_2071_2101_mean-0p5deg.txt
ncols 719
nrows 359
xllcorner 0.0
yllcorner 89.5
cellsize -0.5
NODATA_value -99999
[rows 96 to 127 of 359, columns 355 to 425 of 719]
33.282 33.278 33.275 33.271 33.268 33.264 33.261 33.258 33.255 33.251 33.247 33.243 33.239 33.235 33.231 33.226 33.220 33.213 33.208 33.202 33.196 33.191 33.184 33.178 33.172 33.165 33.159 33.153 33.147 33.142 33.135 33.129 33.123 33.116 33.111 33.105 33.099 33.093 33.087 33.081 33.075 33.068 33.062 33.055 33.048 33.041 33.034 33.026 33.019 33.011 33.003 32.994 32.986 32.978 32.970 32.961 32.951 32.941 32.933 32.924 32.916 32.908 32.899 32.889 32.881 32.873 32.864 32.855 32.848 32.841 32.834
33.389 33.385 33.381 33.376 33.372 33.368 33.363 33.358 33.354 33.349 33.345 33.340 33.335 33.329 33.324 33.317 33.311 33.305 33.298 33.291 33.285 33.278 33.271 33.264 33.258 33.251 33.244 33.237 33.230 33.223 33.216 33.208 33.201 33.194 33.188 33.181 33.174 33.167 33.161 33.154 33.147 33.140 33.133 33.125 33.118 33.110 33.102 33.094 33.086 33.077 33.068 33.059 33.050 33.041 33.031 33.022 33.012 33.002 32.992 32.983 32.974 32.964 32.955 32.945 32.937 32.928 32.918 32.908 32.900 32.892 32.884
33.497 33.492 33.487 33.482 33.477 33.471 33.465 33.458 33.453 33.448 33.443 33.437 33.430 33.423 33.416 33.409 33.403 33.396 33.389 33.381 33.373 33.365 33.358 33.351 33.344 33.336 33.328 33.320 33.312 33.304 33.296 33.288 33.280 33.272 33.264 33.256 33.249 33.242 33.235 33.228 33.220 33.212 33.204 33.196 33.188 33.179 33.171 33.162 33.153 33.143 33.134 33.124 33.114 33.104 33.093 33.083 33.073 33.062 33.052 33.042 33.031 33.021 33.011 33.002 32.992 32.983 32.972 32.961 32.952 32.943 32.935
33.595 33.589 33.583 33.577 33.571 33.565 33.558 33.552 33.546 33.539 33.533 33.526 33.519 33.512 33.505 33.497 33.490 33.482 33.474 33.466 33.458 33.450 33.442 33.434 33.427 33.419 33.410 33.402 33.393 33.385 33.376 33.367 33.358 33.349 33.341 33.332 33.324 33.316 33.308 33.300 33.292 33.283 33.274 33.265 33.256 33.247 33.238 33.228 33.219 33.209 33.198 33.188 33.177 33.166 33.155 33.144 33.133 33.123 33.112 33.101 33.090 33.079 33.069 33.059 33.049 33.039 33.028 33.017 33.008 32.998 32.989
33.692 33.685 33.679 33.672 33.665 33.659 33.652 33.645 33.638 33.631 33.623 33.616 33.608 33.601 33.593 33.585 33.577 33.568 33.559 33.550 33.542 33.534 33.526 33.518 33.510 33.501 33.492 33.484 33.475 33.465 33.456 33.446 33.436 33.426 33.417 33.408 33.399 33.390 33.381 33.372 33.363 33.354 33.345 33.335 33.325 33.315 33.305 33.295 33.285 33.274 33.263 33.252 33.240 33.228 33.217 33.206 33.194 33.183 33.172 33.160 33.149 33.138 33.127 33.116 33.105 33.094 33.084 33.073 33.063 33.053 33.043
33.772 33.766 33.759 33.752 33.746 33.739 33.731 33.724 33.717 33.709 33.702 33.694 33.686 33.678 33.670 33.661 33.653 33.644 33.636 33.627 33.619 33.610 33.602 33.594 33.586 33.577 33.568 33.559 33.550 33.540 33.530 33.520 33.510 33.500 33.490 33.480 33.471 33.461 33.452 33.442 33.433 33.423 33.412 33.402 33.392 33.381 33.371 33.360 33.349 33.338 33.327 33.315 33.303 33.291 33.279 33.267 33.256 33.244 33.232 33.221 33.209 33.198 33.187 33.175 33.164 33.153 33.143 33.132 33.122 33.111 33.101
33.852 33.846 33.839 33.832 33.826 33.819 33.811 33.803 33.796 33.788 33.780 33.772 33.763 33.755 33.746 33.737 33.729 33.720 33.712 33.703 33.695 33.686 33.678 33.670 33.662 33.654 33.644 33.635 33.625 33.614 33.604 33.594 33.584 33.574 33.563 33.553 33.542 33.532 33.522 33.512 33.502 33.491 33.480 33.469 33.458 33.447 33.436 33.425 33.414 33.402 33.390 33.378 33.366 33.354 33.342 33.329 33.317 33.305 33.293 33.281 33.270 33.258 33.246 33.234 33.223 33.212 33.202 33.191 33.180 33.169 33.158
33.915 33.909 33.903 33.896 33.890 33.883 33.876 33.868 33.861 33.854 33.846 33.838 33.829 33.821 33.812 33.804 33.796 33.788 33.780 33.771 33.763 33.754 33.746 33.738 33.730 33.722 33.712 33.703 33.693 33.682 33.672 33.662 33.651 33.641 33.631 33.620 33.610 33.599 33.589 33.579 33.568 33.557 33.546 33.535 33.524 33.512 33.501 33.489 33.478 33.466 33.454 33.442 33.430 33.418 33.405 33.393 33.381 33.369 33.357 33.345 33.333 33.322 33.310 33.297 33.287 33.275 33.264 33.253 33.243 33.232 33.221
33.978 33.972 33.966 33.960 33.954 33.947 33.941 33.934 33.927 33.919 33.912 33.904 33.895 33.887 33.879 33.871 33.863 33.855 33.847 33.839 33.831 33.823 33.815 33.807 33.798 33.790 33.780 33.770 33.760 33.750 33.740 33.729 33.719 33.708 33.698 33.687 33.677 33.666 33.656 33.645 33.634 33.623 33.612 33.601 33.589 33.577 33.566 33.554 33.542 33.530 33.518 33.505 33.493 33.481 33.469 33.456 33.445 33.433 33.421 33.409 33.397 33.385 33.373 33.361 33.350 33.338 33.327 33.316 33.305 33.295 33.284
34.026 34.021 34.016 34.010 34.004 33.998 33.992 33.985 33.979 33.972 33.965 33.958 33.950 33.942 33.935 33.928 33.921 33.913 33.906 33.899 33.891 33.884 33.876 33.868 33.860 33.851 33.843 33.833 33.824 33.814 33.804 33.793 33.783 33.772 33.762 33.751 33.741 33.731 33.721 33.710 33.699 33.688 33.677 33.666 33.654 33.643 33.631 33.619 33.607 33.595 33.583 33.571 33.560 33.548 33.536 33.524 33.512 33.501 33.489 33.477 33.466 33.454 33.442 33.430 33.419 33.408 33.397 33.386 33.376 33.365 33.355
34.074 34.070 34.065 34.060 34.054 34.049 34.043 34.037 34.031 34.025 34.019 34.012 34.005 33.998 33.991 33.984 33.978 33.972 33.965 33.959 33.952 33.944 33.937 33.929 33.921 33.913 33.905 33.896 33.887 33.877 33.868 33.858 33.847 33.837 33.826 33.816 33.806 33.795 33.785 33.774 33.764 33.753 33.742 33.731 33.720 33.708 33.696 33.684 33.672 33.660 33.649 33.637 33.626 33.615 33.603 33.591 33.580 33.569 33.557 33.545 33.534 33.522 33.511 33.499 33.488 33.477 33.467 33.456 33.446 33.436 33.425
34.112 34.108 34.103 34.098 34.094 34.089 34.084 34.079 34.074 34.068 34.063 34.057 34.051 34.045 34.039 34.034 34.028 34.023 34.017 34.011 34.005 33.998 33.991 33.984 33.977 33.969 33.962 33.954 33.945 33.936 33.927 33.918 33.908 33.898 33.888 33.878 33.868 33.858 33.848 33.838 33.828 33.817 33.807 33.796 33.785 33.774 33.763 33.751 33.740 33.729 33.718 33.707 33.697 33.686 33.675 33.664 33.654 33.643 33.632 33.621 33.610 33.599 33.588 33.576 33.566 33.556 33.546 33.535 33.526 33.516 33.506
34.149 34.146 34.142 34.137 34.134 34.130 34.125 34.120 34.116 34.112 34.107 34.102 34.097 34.092 34.088 34.083 34.078 34.073 34.068 34.063 34.058 34.052 34.046 34.039 34.032 34.025 34.018 34.011 34.003 33.995 33.987 33.978 33.968 33.959 33.949 33.939 33.930 33.921 33.911 33.901 33.892 33.882 33.872 33.862 33.851 33.841 33.830 33.819 33.808 33.797 33.788 33.778 33.768 33.758 33.747 33.737 33.727 33.717 33.707 33.697 33.687 33.676 33.665 33.653 33.644 33.635 33.625 33.615 33.606 33.596 33.587
34.180 34.177 34.174 34.171 34.167 34.164 34.160 34.156 34.153 34.149 34.145 34.142 34.138 34.134 34.130 34.126 34.123 34.119 34.114 34.110 34.105 34.099 34.094 34.088 34.082 34.076 34.070 34.063 34.056 34.049 34.041 34.034 34.025 34.016 34.008 33.999 33.990 33.982 33.973 33.964 33.955 33.946 33.937 33.928 33.919 33.909 33.899 33.889 33.880 33.870 33.861 33.852 33.843 33.834 33.825 33.816 33.807 33.798 33.790 33.781 33.771 33.761 33.751 33.741 33.733 33.724 33.714 33.705 33.696 33.688 33.679
34.212 34.209 34.206 34.204 34.201 34.199 34.195 34.192 34.189 34.186 34.184 34.181 34.178 34.175 34.173 34.170 34.167 34.164 34.160 34.156 34.152 34.147 34.142 34.137 34.132 34.127 34.121 34.115 34.109 34.103 34.096 34.089 34.082 34.074 34.066 34.058 34.051 34.043 34.035 34.027 34.019 34.010 34.003 33.994 33.986 33.978 33.969 33.960 33.952 33.943 33.935 33.927 33.919 33.911 33.903 33.894 33.887 33.880 33.873 33.865 33.856 33.847 33.838 33.828 33.821 33.813 33.804 33.794 33.787 33.779 33.771
34.242 34.240 34.238 34.236 34.234 34.232 34.229 34.227 34.225 34.223 34.221 34.219 34.217 34.215 34.213 34.211 34.209 34.207 34.204 34.201 34.197 34.193 34.189 34.185 34.181 34.177 34.172 34.167 34.162 34.157 34.151 34.145 34.139 34.132 34.126 34.119 34.112 34.106 34.099 34.092 34.085 34.078 34.072 34.065 34.058 34.051 34.043 34.036 34.029 34.022 34.015 34.008 34.002 33.995 33.988 33.981 33.976 33.970 33.964 33.958 33.950 33.943 33.935 33.927 33.920 33.913 33.905 33.896 33.889 33.882 33.875
34.271 34.270 34.269 34.267 34.266 34.265 34.263 34.261 34.260 34.259 34.258 34.256 34.255 34.254 34.253 34.252 34.251 34.249 34.248 34.246 34.242 34.239 34.236 34.233 34.230 34.227 34.223 34.219 34.215 34.211 34.206 34.202 34.196 34.191 34.185 34.180 34.174 34.168 34.163 34.157 34.152 34.146 34.141 34.135 34.130 34.124 34.118 34.112 34.106 34.101 34.095 34.089 34.084 34.079 34.074 34.069 34.064 34.060 34.055 34.050 34.045 34.039 34.032 34.025 34.019 34.013 34.005 33.997 33.992 33.986 33.979
34.304 34.303 34.303 34.302 34.301 34.301 34.299 34.298 34.297 34.297 34.297 34.296 34.296 34.295 34.295 34.295 34.295 34.294 34.293 34.292 34.290 34.287 34.285 34.283 34.281 34.279 34.276 34.273 34.270 34.267 34.264 34.261 34.256 34.252 34.248 34.244 34.239 34.234 34.230 34.226 34.222 34.218 34.214 34.211 34.207 34.203 34.198 34.193 34.190 34.186 34.182 34.177 34.174 34.170 34.166 34.163 34.160 34.157 34.153 34.149 34.145 34.140 34.135 34.129 34.124 34.119 34.113 34.106 34.101 34.096 34.090
34.336 34.336 34.336 34.336 34.336 34.336 34.336 34.335 34.335 34.335 34.336 34.336 34.336 34.337 34.337 34.338 34.338 34.339 34.339 34.338 34.337 34.335 34.334 34.333 34.332 34.331 34.329 34.327 34.326 34.324 34.322 34.320 34.317 34.314 34.311 34.308 34.304 34.300 34.298 34.295 34.293 34.290 34.288 34.286 34.284 34.281 34.279 34.275 34.273 34.270 34.268 34.265 34.263 34.261 34.259 34.257 34.256 34.254 34.251 34.248 34.245 34.242 34.238 34.233 34.229 34.225 34.220 34.215 34.211 34.207 34.201
34.374 34.374 34.375 34.375 34.376 34.377 34.377 34.377 34.378 34.379 34.380 34.380 34.382 34.382 34.384 34.385 34.386 34.387 34.388 34.389 34.389 34.388 34.388 34.388 34.388 34.388 34.387 34.386 34.386 34.385 34.385 34.384 34.382 34.381 34.379 34.377 34.375 34.373 34.372 34.371 34.370 34.369 34.369 34.368 34.368 34.367 34.366 34.364 34.363 34.362 34.362 34.360 34.360 34.359 34.358 34.358 34.357 34.356 34.355 34.353 34.351 34.349 34.346 34.342 34.339 34.336 34.333 34.328 34.325 34.321 34.316
34.411 34.412 34.414 34.415 34.416 34.418 34.418 34.419 34.420 34.422 34.424 34.425 34.427 34.428 34.430 34.432 34.435 34.436 34.438 34.440 34.441 34.441 34.442 34.443 34.444 34.445 34.445 34.445 34.446 34.447 34.447 34.448 34.448 34.448 34.447 34.447 34.446 34.445 34.446 34.446 34.447 34.448 34.449 34.450 34.451 34.452 34.452 34.453 34.454 34.454 34.455 34.456 34.456 34.457 34.458 34.458 34.459 34.459 34.459 34.458 34.457 34.456 34.454 34.451 34.450 34.448 34.445 34.442 34.439 34.436 34.431
34.458 34.460 34.462 34.464 34.466 34.468 34.469 34.470 34.472 34.475 34.477 34.479 34.481 34.484 34.487 34.489 34.492 34.495 34.497 34.500 34.502 34.504 34.506 34.508 34.510 34.511 34.512 34.513 34.516 34.517 34.519 34.521 34.522 34.523 34.524 34.524 34.525 34.526 34.528 34.529 34.532 34.534 34.537 34.539 34.542 34.544 34.546 34.547 34.550 34.552 34.554 34.555 34.557 34.558 34.560 34.562 34.563 34.564 34.564 34.564 34.564 34.564 34.563 34.562 34.561 34.560 34.558 34.555 34.553 34.550 34.545
34.505 34.507 34.510 34.512 34.515 34.517 34.520 34.521 34.524 34.527 34.530 34.533 34.536 34.539 34.543 34.546 34.550 34.553 34.557 34.560 34.563 34.566 34.569 34.572 34.575 34.577 34.580 34.582 34.585 34.588 34.591 34.594 34.596 34.598 34.600 34.602 34.604 34.606 34.610 34.613 34.617 34.621 34.624 34.628 34.632 34.636 34.639 34.642 34.646 34.650 34.652 34.655 34.657 34.660 34.663 34.665 34.667 34.669 34.670 34.671 34.672 34.673 34.673 34.672 34.672 34.672 34.670 34.669 34.666 34.664 34.659
34.565 34.568 34.571 34.574 34.577 34.580 34.583 34.585 34.589 34.592 34.596 34.599 34.603 34.607 34.611 34.615 34.620 34.624 34.628 34.632 34.636 34.639 34.643 34.647 34.650 34.654 34.657 34.661 34.665 34.669 34.673 34.676 34.679 34.682 34.685 34.689 34.692 34.695 34.699 34.703 34.708 34.712 34.717 34.721 34.726 34.730 34.734 34.738 34.742 34.746 34.749 34.752 34.755 34.758 34.761 34.764 34.766 34.768 34.770 34.771 34.772 34.774 34.774 34.774 34.774 34.774 34.773 34.772 34.770 34.767 34.763
34.626 34.629 34.633 34.636 34.639 34.643 34.646 34.649 34.653 34.658 34.662 34.666 34.671 34.675 34.680 34.685 34.690 34.694 34.699 34.703 34.708 34.713 34.717 34.721 34.726 34.730 34.735 34.740 34.745 34.750 34.755 34.759 34.763 34.767 34.771 34.775 34.779 34.783 34.788 34.792 34.798 34.804 34.809 34.814 34.819 34.824 34.829 34.833 34.837 34.842 34.845 34.849 34.852 34.855 34.859 34.862 34.865 34.867 34.869 34.871 34.873 34.874 34.876 34.876 34.877 34.876 34.876 34.875 34.873 34.870 34.866
34.696 34.701 34.705 34.708 34.712 34.715 34.719 34.722 34.727 34.731 34.736 34.741 34.746 34.751 34.757 34.763 34.768 34.773 34.779 34.784 34.789 34.794 34.799 34.804 34.809 34.814 34.819 34.824 34.830 34.835 34.840 34.844 34.849 34.854 34.859 34.863 34.867 34.871 34.876 34.880 34.885 34.891 34.896 34.901 34.906 34.910 34.914 34.918 34.923 34.927 34.930 34.934 34.937 34.939 34.942 34.945 34.947 34.949 34.952 34.954 34.955 34.957 34.958 34.959 34.959 34.958 34.958 34.957 34.954 34.952 34.948
34.767 34.772 34.776 34.780 34.784 34.788 34.792 34.796 34.801 34.805 34.811 34.816 34.822 34.827 34.834 34.840 34.847 34.852 34.858 34.864 34.870 34.875 34.881 34.887 34.892 34.898 34.903 34.909 34.914 34.919 34.925 34.930 34.936 34.941 34.946 34.951 34.956 34.959 34.964 34.967 34.973 34.978 34.983 34.987 34.992 34.996 35.000 35.003 35.008 35.012 35.015 35.018 35.021 35.023 35.025 35.027 35.030 35.032 35.034 35.036 35.038 35.040 35.040 35.041 35.041 35.040 35.039 35.038 35.036 35.034 35.030
34.839 34.844 34.848 34.853 34.857 34.861 34.866 34.870 34.875 34.880 34.886 34.891 34.897 34.902 34.909 34.916 34.922 34.928 34.934 34.939 34.946 34.951 34.957 34.963 34.968 34.973 34.979 34.984 34.989 34.994 34.999 35.004 35.009 35.013 35.018 35.023 35.026 35.029 35.033 35.036 35.041 35.045 35.049 35.053 35.057 35.060 35.063 35.066 35.069 35.072 35.075 35.078 35.080 35.082 35.084 35.085 35.087 35.089 35.090 35.092 35.093 35.094 35.094 35.095 35.094 35.094 35.093 35.092 35.090 35.087 35.084
34.910 34.916 34.921 34.925 34.930 34.934 34.939 34.944 34.949 34.954 34.960 34.966 34.972 34.977 34.984 34.991 34.997 35.003 35.009 35.015 35.021 35.027 35.033 35.039 35.044 35.049 35.055 35.060 35.064 35.069 35.073 35.077 35.082 35.086 35.090 35.094 35.096 35.099 35.102 35.105 35.109 35.113 35.116 35.119 35.122 35.124 35.126 35.128 35.130 35.133 35.136 35.138 35.140 35.141 35.142 35.143 35.145 35.146 35.147 35.147 35.148 35.148 35.148 35.148 35.148 35.147 35.146 35.145 35.143 35.141 35.139
34.967 34.973 34.977 34.982 34.987 34.991 34.997 35.001 35.007 35.011 35.017 35.023 35.028 35.033 35.039 35.045 35.050 35.055 35.061 35.066 35.072 35.078 35.083 35.088 35.092 35.096 35.101 35.105 35.109 35.113 35.117 35.120 35.124 35.128 35.130 35.133 35.135 35.136 35.138 35.140 35.143 35.147 35.149 35.151 35.153 35.155 35.157 35.158 35.160 35.162 35.164 35.166 35.167 35.168 35.169 35.169 35.170 35.171 35.171 35.171 35.171 35.171 35.172 35.172 35.171 35.171 35.170 35.170 35.168 35.166 35.164
35.024 35.029 35.034 35.039 35.044 35.048 35.054 35.059 35.064 35.069 35.074 35.079 35.084 35.089 35.094 35.099 35.104 35.108 35.113 35.118 35.123 35.128 35.132 35.137 35.140 35.143 35.146 35.150 35.153 35.157 35.160 35.164 35.166 35.169 35.171 35.172 35.173 35.174 35.175 35.176 35.178 35.180 35.182 35.183 35.184 35.186 35.187 35.188 35.190 35.191 35.193 35.194 35.195 35.196 35.195 35.195 35.195 35.195 35.195 35.195 35.195 35.195 35.195 35.195 35.195 35.195 35.194 35.194 35.192 35.191 35.189
35.053 35.057 35.062 35.066 35.071 35.075 35.080 35.085 35.090 35.094 35.099 35.103 35.108 35.112 35.116 35.120 35.123 35.127 35.131 35.135 35.139 35.143 35.146 35.149 35.151 35.153 35.156 35.158 35.161 35.163 35.166 35.168 35.170 35.172 35.173 35.173 35.173 35.174 35.174 35.175 35.177 35.178 35.179 35.180 35.181 35.183 35.184 35.186 35.186 35.187 35.188 35.189 35.189 35.190 35.190 35.190 35.189 35.188 35.189 35.189 35.189 35.189 35.190 35.190 35.190 35.190 35.190 35.190 35.189 35.188 35.186
