210920T124039_210824T225103_210726_sos_CMIP6_ssp585_2071_2101_mean-0p5deg.txt
ncols 719
nrows 359
xllcorner 0.0
yllcorner 89.5
cellsize -0.5
NODATA_value -99999
[rows 192 to 223 of 359, columns 426 to 496 of 719]
34.834 34.837 34.839 34.840 34.842 34.842 34.843 34.843 34.843 34.842 34.841 34.840 34.839 34.838 34.836 34.835 34.833 34.832 34.830 34.827 34.825 34.823 34.820 34.817 34.814 34.811 34.808 34.805 34.802 34.798 34.795 34.791 34.788 34.784 34.781 34.777 34.774 34.770 34.767 34.763 34.760 34.756 34.752 34.749 34.746 34.743 34.740 34.736 34.732 34.729 34.726 34.723 34.720 34.717 34.713 34.711 34.708 34.705 34.702 34.699 34.696 34.694 34.691 34.688 34.686 34.682 34.679 34.677 34.675 34.672 34.669
34.834 34.838 34.841 34.843 34.846 34.847 34.849 34.849 34.850 34.849 34.849 34.849 34.849 34.848 34.847 34.846 34.845 34.843 34.841 34.840 34.838 34.836 34.834 34.832 34.829 34.827 34.824 34.821 34.819 34.816 34.813 34.810 34.807 34.804 34.801 34.798 34.795 34.792 34.789 34.786 34.783 34.779 34.776 34.773 34.771 34.768 34.766 34.762 34.759 34.757 34.754 34.752 34.749 34.746 34.743 34.741 34.739 34.736 34.734 34.731 34.729 34.727 34.725 34.722 34.720 34.717 34.715 34.713 34.711 34.709 34.707
34.835 34.839 34.843 34.846 34.849 34.852 34.854 34.855 34.856 34.857 34.858 34.859 34.860 34.859 34.858 34.857 34.856 34.855 34.853 34.852 34.851 34.849 34.848 34.846 34.844 34.842 34.840 34.838 34.836 34.833 34.831 34.828 34.826 34.823 34.820 34.818 34.815 34.813 34.811 34.808 34.805 34.803 34.800 34.798 34.795 34.793 34.792 34.789 34.786 34.784 34.783 34.780 34.778 34.775 34.772 34.771 34.769 34.767 34.765 34.763 34.761 34.760 34.759 34.757 34.754 34.753 34.751 34.749 34.748 34.747 34.745
34.847 34.851 34.856 34.860 34.864 34.868 34.871 34.873 34.874 34.876 34.877 34.879 34.880 34.880 34.880 34.879 34.879 34.878 34.877 34.876 34.876 34.875 34.874 34.873 34.871 34.870 34.868 34.867 34.865 34.863 34.861 34.859 34.857 34.855 34.853 34.851 34.849 34.847 34.845 34.843 34.840 34.838 34.836 34.834 34.833 34.831 34.830 34.828 34.826 34.824 34.823 34.821 34.819 34.817 34.814 34.813 34.812 34.810 34.808 34.807 34.805 34.804 34.803 34.801 34.800 34.798 34.797 34.796 34.795 34.793 34.792
34.859 34.864 34.869 34.874 34.879 34.883 34.887 34.890 34.893 34.895 34.897 34.899 34.901 34.901 34.902 34.902 34.902 34.902 34.901 34.901 34.900 34.900 34.900 34.899 34.898 34.897 34.896 34.895 34.894 34.892 34.891 34.889 34.888 34.886 34.885 34.883 34.882 34.881 34.879 34.877 34.875 34.874 34.873 34.871 34.870 34.869 34.868 34.866 34.865 34.864 34.863 34.861 34.860 34.858 34.857 34.856 34.855 34.853 34.852 34.851 34.850 34.849 34.848 34.846 34.845 34.844 34.843 34.842 34.841 34.840 34.839
34.876 34.882 34.888 34.894 34.900 34.905 34.910 34.914 34.917 34.920 34.923 34.926 34.928 34.930 34.931 34.932 34.933 34.933 34.933 34.933 34.934 34.934 34.934 34.934 34.933 34.933 34.932 34.932 34.931 34.930 34.929 34.928 34.927 34.926 34.925 34.924 34.923 34.921 34.920 34.919 34.917 34.917 34.916 34.915 34.914 34.913 34.912 34.911 34.910 34.909 34.909 34.907 34.906 34.905 34.904 34.903 34.902 34.901 34.900 34.899 34.898 34.897 34.896 34.895 34.894 34.893 34.893 34.892 34.891 34.890 34.888
34.893 34.900 34.907 34.914 34.921 34.927 34.933 34.937 34.942 34.945 34.949 34.952 34.955 34.958 34.960 34.962 34.964 34.965 34.965 34.966 34.967 34.968 34.969 34.969 34.968 34.968 34.968 34.968 34.968 34.967 34.967 34.966 34.966 34.965 34.964 34.964 34.963 34.962 34.962 34.961 34.960 34.959 34.959 34.958 34.957 34.957 34.957 34.956 34.956 34.955 34.955 34.954 34.953 34.952 34.951 34.950 34.950 34.949 34.948 34.948 34.947 34.946 34.945 34.944 34.944 34.943 34.942 34.941 34.940 34.939 34.938
34.910 34.918 34.927 34.935 34.943 34.950 34.957 34.963 34.968 34.973 34.978 34.982 34.986 34.989 34.993 34.996 34.998 35.000 35.002 35.003 35.005 35.006 35.007 35.008 35.008 35.008 35.009 35.009 35.010 35.010 35.010 35.010 35.010 35.009 35.009 35.009 35.009 35.009 35.008 35.008 35.007 35.007 35.007 35.007 35.006 35.006 35.006 35.006 35.005 35.005 35.005 35.004 35.003 35.002 35.001 35.001 35.001 35.000 34.999 34.998 34.998 34.997 34.996 34.995 34.995 34.994 34.993 34.992 34.991 34.990 34.990
34.927 34.936 34.946 34.956 34.965 34.973 34.981 34.988 34.995 35.001 35.006 35.012 35.017 35.021 35.025 35.029 35.033 35.035 35.038 35.040 35.042 35.044 35.046 35.047 35.047 35.048 35.050 35.050 35.051 35.052 35.052 35.053 35.053 35.053 35.054 35.054 35.055 35.055 35.055 35.055 35.054 35.055 35.055 35.055 35.055 35.055 35.055 35.055 35.055 35.054 35.054 35.054 35.053 35.052 35.052 35.051 35.051 35.050 35.049 35.049 35.049 35.048 35.047 35.047 35.046 35.046 35.045 35.044 35.043 35.042 35.041
34.945 34.956 34.967 34.978 34.989 34.998 35.008 35.016 35.024 35.031 35.039 35.045 35.051 35.056 35.061 35.066 35.071 35.074 35.078 35.081 35.084 35.087 35.089 35.091 35.092 35.094 35.096 35.097 35.099 35.100 35.101 35.102 35.103 35.104 35.104 35.105 35.106 35.107 35.107 35.108 35.108 35.108 35.109 35.109 35.109 35.110 35.110 35.110 35.110 35.110 35.110 35.109 35.108 35.108 35.107 35.107 35.106 35.106 35.105 35.104 35.104 35.103 35.102 35.102 35.101 35.100 35.100 35.099 35.098 35.097 35.096
34.962 34.975 34.988 35.000 35.012 35.024 35.035 35.044 35.053 35.062 35.071 35.078 35.086 35.092 35.098 35.103 35.109 35.113 35.118 35.122 35.126 35.129 35.133 35.135 35.137 35.140 35.142 35.144 35.146 35.148 35.150 35.151 35.153 35.154 35.155 35.156 35.158 35.159 35.160 35.160 35.161 35.162 35.163 35.163 35.164 35.164 35.165 35.165 35.165 35.165 35.165 35.164 35.164 35.163 35.163 35.162 35.162 35.161 35.160 35.160 35.159 35.158 35.157 35.157 35.156 35.155 35.155 35.154 35.153 35.152 35.151
34.985 35.000 35.014 35.027 35.040 35.053 35.066 35.076 35.087 35.097 35.107 35.115 35.124 35.131 35.139 35.145 35.152 35.157 35.163 35.168 35.173 35.177 35.181 35.185 35.188 35.191 35.195 35.198 35.200 35.203 35.205 35.207 35.210 35.211 35.213 35.215 35.217 35.218 35.220 35.221 35.222 35.223 35.224 35.225 35.226 35.227 35.227 35.227 35.227 35.227 35.227 35.226 35.226 35.225 35.225 35.224 35.224 35.223 35.222 35.221 35.221 35.219 35.218 35.218 35.217 35.216 35.215 35.214 35.213 35.212 35.211
35.009 35.024 35.039 35.054 35.068 35.082 35.097 35.109 35.121 35.131 35.142 35.152 35.162 35.171 35.179 35.187 35.195 35.202 35.208 35.214 35.220 35.225 35.230 35.234 35.239 35.243 35.247 35.251 35.254 35.258 35.261 35.264 35.267 35.269 35.271 35.274 35.276 35.278 35.280 35.281 35.283 35.284 35.286 35.287 35.288 35.289 35.289 35.290 35.290 35.289 35.289 35.289 35.288 35.287 35.287 35.286 35.286 35.285 35.284 35.283 35.282 35.281 35.280 35.279 35.278 35.276 35.275 35.274 35.272 35.271 35.270
35.040 35.056 35.073 35.088 35.103 35.118 35.133 35.146 35.159 35.171 35.183 35.194 35.205 35.215 35.225 35.234 35.243 35.251 35.259 35.266 35.273 35.279 35.285 35.291 35.296 35.302 35.307 35.312 35.316 35.320 35.325 35.328 35.332 35.335 35.338 35.341 35.343 35.346 35.348 35.350 35.352 35.354 35.356 35.357 35.358 35.358 35.359 35.359 35.359 35.359 35.358 35.358 35.358 35.357 35.356 35.355 35.355 35.353 35.352 35.351 35.350 35.349 35.347 35.346 35.345 35.343 35.342 35.340 35.338 35.337 35.336
35.071 35.089 35.106 35.122 35.138 35.154 35.170 35.184 35.198 35.211 35.224 35.236 35.248 35.259 35.271 35.281 35.291 35.300 35.309 35.318 35.326 35.333 35.341 35.347 35.354 35.360 35.367 35.373 35.378 35.383 35.388 35.392 35.397 35.400 35.404 35.407 35.411 35.414 35.417 35.419 35.421 35.423 35.425 35.426 35.427 35.428 35.428 35.428 35.429 35.428 35.428 35.427 35.427 35.426 35.425 35.424 35.424 35.422 35.421 35.419 35.418 35.416 35.415 35.413 35.412 35.410 35.408 35.406 35.404 35.403 35.401
35.110 35.128 35.146 35.163 35.179 35.195 35.212 35.226 35.241 35.255 35.269 35.282 35.296 35.308 35.321 35.332 35.344 35.354 35.364 35.374 35.384 35.393 35.402 35.409 35.417 35.424 35.432 35.438 35.445 35.450 35.456 35.461 35.466 35.471 35.475 35.479 35.483 35.486 35.489 35.492 35.494 35.496 35.499 35.500 35.501 35.501 35.502 35.502 35.502 35.501 35.501 35.500 35.500 35.499 35.498 35.496 35.496 35.494 35.492 35.491 35.489 35.487 35.485 35.484 35.482 35.480 35.478 35.475 35.473 35.472 35.470
35.148 35.167 35.186 35.203 35.220 35.237 35.254 35.269 35.285 35.299 35.314 35.329 35.343 35.357 35.371 35.384 35.396 35.408 35.420 35.431 35.442 35.452 35.462 35.471 35.480 35.488 35.496 35.504 35.511 35.518 35.524 35.530 35.536 35.541 35.546 35.550 35.555 35.558 35.562 35.565 35.568 35.570 35.572 35.573 35.574 35.575 35.575 35.575 35.575 35.574 35.574 35.573 35.573 35.571 35.570 35.569 35.567 35.566 35.564 35.562 35.561 35.558 35.556 35.554 35.552 35.550 35.547 35.545 35.543 35.541 35.539
35.190 35.209 35.228 35.245 35.262 35.279 35.297 35.313 35.330 35.345 35.361 35.376 35.391 35.406 35.421 35.435 35.450 35.462 35.475 35.487 35.500 35.511 35.522 35.532 35.542 35.551 35.560 35.569 35.577 35.584 35.592 35.598 35.604 35.610 35.616 35.621 35.626 35.630 35.635 35.638 35.641 35.643 35.645 35.646 35.648 35.648 35.648 35.648 35.648 35.647 35.647 35.646 35.645 35.643 35.642 35.640 35.638 35.636 35.634 35.632 35.630 35.628 35.625 35.623 35.621 35.618 35.616 35.613 35.610 35.607 35.605
35.232 35.251 35.270 35.287 35.304 35.322 35.340 35.357 35.375 35.391 35.407 35.423 35.439 35.456 35.472 35.487 35.503 35.517 35.531 35.544 35.558 35.570 35.582 35.593 35.604 35.614 35.625 35.634 35.643 35.651 35.659 35.666 35.673 35.679 35.686 35.691 35.697 35.702 35.707 35.711 35.714 35.716 35.719 35.720 35.721 35.721 35.722 35.721 35.721 35.720 35.719 35.718 35.717 35.715 35.713 35.711 35.709 35.707 35.704 35.702 35.700 35.697 35.695 35.692 35.690 35.687 35.684 35.680 35.677 35.674 35.671
35.272 35.292 35.313 35.330 35.347 35.365 35.384 35.401 35.419 35.435 35.452 35.469 35.486 35.503 35.520 35.536 35.553 35.568 35.583 35.597 35.611 35.625 35.638 35.650 35.662 35.673 35.685 35.695 35.705 35.714 35.723 35.731 35.739 35.746 35.753 35.759 35.766 35.771 35.777 35.780 35.784 35.787 35.789 35.791 35.792 35.792 35.792 35.792 35.792 35.790 35.789 35.788 35.787 35.784 35.782 35.779 35.777 35.774 35.771 35.768 35.766 35.763 35.759 35.756 35.753 35.749 35.745 35.741 35.737 35.733 35.729
35.312 35.334 35.356 35.373 35.391 35.409 35.428 35.445 35.463 35.480 35.498 35.516 35.533 35.551 35.569 35.585 35.602 35.618 35.635 35.650 35.665 35.679 35.694 35.707 35.720 35.732 35.745 35.756 35.767 35.777 35.787 35.796 35.805 35.813 35.820 35.827 35.834 35.840 35.846 35.850 35.854 35.857 35.860 35.861 35.863 35.863 35.863 35.863 35.862 35.861 35.859 35.858 35.856 35.853 35.850 35.848 35.845 35.841 35.838 35.835 35.832 35.828 35.824 35.820 35.816 35.811 35.807 35.802 35.797 35.792 35.787
35.350 35.372 35.394 35.412 35.430 35.449 35.469 35.486 35.504 35.521 35.539 35.557 35.575 35.593 35.611 35.629 35.646 35.663 35.680 35.696 35.712 35.727 35.742 35.756 35.770 35.783 35.796 35.808 35.820 35.831 35.842 35.852 35.863 35.871 35.880 35.888 35.896 35.902 35.909 35.913 35.918 35.922 35.925 35.927 35.928 35.928 35.929 35.928 35.928 35.926 35.925 35.922 35.920 35.917 35.914 35.910 35.907 35.903 35.899 35.895 35.891 35.886 35.882 35.876 35.871 35.866 35.860 35.854 35.848 35.842 35.835
35.388 35.410 35.433 35.451 35.469 35.489 35.510 35.527 35.545 35.562 35.580 35.598 35.616 35.635 35.654 35.672 35.690 35.707 35.724 35.741 35.759 35.774 35.790 35.805 35.820 35.834 35.848 35.861 35.873 35.886 35.898 35.909 35.920 35.930 35.940 35.948 35.957 35.964 35.971 35.977 35.982 35.986 35.990 35.992 35.993 35.994 35.994 35.994 35.993 35.991 35.990 35.987 35.985 35.981 35.977 35.973 35.969 35.964 35.960 35.955 35.950 35.945 35.939 35.933 35.927 35.920 35.913 35.906 35.899 35.891 35.884
35.425 35.446 35.468 35.486 35.505 35.525 35.545 35.563 35.582 35.599 35.617 35.635 35.653 35.672 35.691 35.709 35.728 35.746 35.763 35.781 35.798 35.814 35.831 35.846 35.861 35.876 35.891 35.904 35.918 35.931 35.944 35.957 35.969 35.979 35.990 36.000 36.010 36.017 36.025 36.032 36.038 36.042 36.047 36.049 36.051 36.052 36.053 36.053 36.052 36.051 36.049 36.047 36.044 36.040 36.036 36.031 36.027 36.021 36.015 36.010 36.004 35.998 35.991 35.984 35.977 35.969 35.961 35.953 35.945 35.936 35.927
35.461 35.482 35.503 35.522 35.541 35.561 35.581 35.599 35.618 35.636 35.654 35.672 35.690 35.709 35.728 35.747 35.766 35.784 35.802 35.820 35.838 35.854 35.871 35.886 35.902 35.918 35.933 35.948 35.963 35.977 35.991 36.004 36.017 36.029 36.040 36.051 36.062 36.071 36.080 36.087 36.094 36.099 36.104 36.107 36.109 36.110 36.112 36.112 36.112 36.110 36.109 36.106 36.104 36.099 36.095 36.089 36.084 36.078 36.071 36.065 36.058 36.051 36.044 36.035 36.027 36.018 36.009 35.999 35.990 35.980 35.970
35.493 35.513 35.534 35.553 35.572 35.592 35.612 35.630 35.649 35.668 35.686 35.704 35.722 35.740 35.759 35.778 35.797 35.815 35.834 35.851 35.869 35.886 35.903 35.919 35.935 35.951 35.967 35.982 35.998 36.012 36.027 36.041 36.055 36.067 36.079 36.091 36.102 36.112 36.122 36.130 36.137 36.143 36.150 36.153 36.157 36.159 36.161 36.161 36.162 36.161 36.160 36.158 36.155 36.151 36.146 36.141 36.135 36.128 36.121 36.114 36.107 36.099 36.091 36.081 36.072 36.062 36.052 36.042 36.031 36.020 36.009
35.524 35.544 35.565 35.584 35.604 35.623 35.643 35.662 35.680 35.699 35.718 35.736 35.754 35.772 35.790 35.809 35.827 35.846 35.865 35.883 35.901 35.918 35.935 35.951 35.968 35.984 36.001 36.017 36.033 36.048 36.063 36.077 36.092 36.105 36.118 36.130 36.143 36.154 36.164 36.173 36.181 36.188 36.195 36.200 36.204 36.207 36.210 36.211 36.212 36.212 36.212 36.209 36.207 36.202 36.198 36.192 36.186 36.178 36.171 36.163 36.155 36.146 36.138 36.128 36.118 36.106 36.095 36.084 36.072 36.060 36.048
35.548 35.568 35.588 35.608 35.627 35.647 35.666 35.685 35.704 35.722 35.740 35.758 35.776 35.794 35.812 35.831 35.850 35.868 35.887 35.905 35.923 35.940 35.957 35.974 35.991 36.008 36.025 36.041 36.057 36.072 36.088 36.102 36.117 36.130 36.144 36.157 36.170 36.181 36.193 36.202 36.211 36.219 36.227 36.233 36.238 36.242 36.246 36.247 36.249 36.250 36.251 36.249 36.248 36.244 36.240 36.234 36.229 36.221 36.214 36.205 36.197 36.188 36.179 36.168 36.158 36.146 36.134 36.122 36.109 36.096 36.083
35.572 35.592 35.611 35.631 35.651 35.670 35.690 35.708 35.727 35.745 35.763 35.780 35.798 35.816 35.834 35.853 35.872 35.890 35.909 35.927 35.945 35.962 35.980 35.997 36.014 36.031 36.048 36.065 36.081 36.097 36.112 36.127 36.142 36.156 36.170 36.183 36.197 36.209 36.221 36.231 36.241 36.250 36.259 36.266 36.272 36.277 36.281 36.284 36.287 36.289 36.290 36.290 36.289 36.286 36.282 36.277 36.272 36.264 36.257 36.248 36.239 36.230 36.221 36.209 36.198 36.185 36.173 36.160 36.146 36.132 36.118
35.587 35.606 35.626 35.645 35.665 35.684 35.702 35.720 35.739 35.756 35.774 35.792 35.810 35.828 35.846 35.864 35.883 35.901 35.920 35.938 35.956 35.973 35.991 36.008 36.025 36.042 36.059 36.076 36.093 36.109 36.125 36.140 36.155 36.169 36.183 36.197 36.211 36.223 36.236 36.247 36.258 36.267 36.277 36.284 36.292 36.297 36.302 36.306 36.309 36.312 36.314 36.314 36.315 36.312 36.310 36.306 36.302 36.295 36.289 36.280 36.272 36.262 36.253 36.242 36.230 36.217 36.205 36.191 36.177 36.162 36.148
35.602 35.621 35.640 35.659 35.679 35.697 35.715 35.733 35.751 35.768 35.786 35.804 35.822 35.839 35.857 35.876 35.894 35.912 35.931 35.949 35.967 35.984 36.002 36.019 36.036 36.053 36.070 36.088 36.105 36.121 36.137 36.152 36.167 36.182 36.197 36.211 36.225 36.238 36.250 36.262 36.274 36.284 36.295 36.303 36.311 36.317 36.323 36.327 36.332 36.335 36.338 36.339 36.340 36.339 36.337 36.334 36.331 36.326 36.320 36.312 36.304 36.295 36.286 36.274 36.263 36.250 36.236 36.222 36.208 36.192 36.177
35.603 35.622 35.641 35.659 35.678 35.696 35.714 35.732 35.749 35.767 35.784 35.802 35.819 35.837 35.854 35.872 35.890 35.909 35.927 35.945 35.963 35.980 35.997 36.015 36.032 36.049 36.066 36.083 36.100 36.117 36.133 36.149 36.164 36.179 36.195 36.209 36.223 36.236 36.250 36.262 36.274 36.285 36.296 36.305 36.314 36.320 36.327 36.332 36.337 36.341 36.345 36.347 36.348 36.348 36.348 36.346 36.344 36.339 36.335 36.327 36.320 36.312 36.303 36.292 36.281 36.268 36.255 36.241 36.227 36.211 36.195
