210920T124039_210824T225103_210726_sos_CMIP6_ssp585_2071_2101_mean-0p5deg.txt
ncols 719
nrows 359
xllcorner 0.0
yllcorner 89.5
cellsize -0.5
NODATA_value -99999
[rows 0 to 31 of 359, columns 639 to 709 of 719]
30.619 30.621 30.623 30.624 30.626 30.628 30.630 30.632 30.633 30.635 30.636 30.638 30.639 30.640 30.642 30.643 30.645 30.647 30.648 30.649 30.651 30.652 30.654 30.655 30.656 30.657 30.659 30.660 30.661 30.662 30.664 30.665 30.666 30.667 30.669 30.670 30.672 30.673 30.675 30.676 30.678 30.679 30.681 30.682 30.684 30.685 30.686 30.688 30.689 30.691 30.692 30.693 30.695 30.696 30.697 30.699 30.700 30.701 30.689 30.677 30.678 30.679 30.694 30.708 30.709 30.710 30.712 30.713 30.714 30.715 30.716
30.530 30.532 30.535 30.538 30.541 30.544 30.546 30.549 30.552 30.555 30.557 30.560 30.563 30.565 30.568 30.571 30.574 30.577 30.579 30.582 30.585 30.588 30.591 30.593 30.596 30.598 30.600 30.603 30.605 30.608 30.610 30.613 30.616 30.619 30.621 30.624 30.627 30.630 30.633 30.636 30.638 30.641 30.644 30.647 30.650 30.652 30.655 30.658 30.661 30.664 30.666 30.669 30.672 30.674 30.677 30.679 30.682 30.684 30.680 30.675 30.678 30.680 30.689 30.698 30.700 30.702 30.704 30.707 30.709 30.711 30.714
30.440 30.444 30.447 30.451 30.455 30.459 30.463 30.467 30.470 30.474 30.478 30.482 30.486 30.490 30.494 30.498 30.502 30.507 30.511 30.515 30.519 30.524 30.527 30.531 30.535 30.538 30.542 30.546 30.550 30.553 30.557 30.561 30.565 30.570 30.574 30.578 30.583 30.587 30.591 30.595 30.599 30.603 30.607 30.611 30.616 30.620 30.624 30.628 30.632 30.637 30.641 30.645 30.649 30.653 30.657 30.660 30.664 30.667 30.670 30.674 30.677 30.681 30.684 30.687 30.690 30.694 30.697 30.700 30.704 30.707 30.711
30.357 30.362 30.366 30.371 30.375 30.380 30.384 30.389 30.393 30.398 30.402 30.407 30.411 30.416 30.421 30.425 30.430 30.435 30.440 30.444 30.449 30.455 30.459 30.464 30.468 30.472 30.477 30.481 30.486 30.490 30.495 30.500 30.504 30.509 30.514 30.519 30.524 30.529 30.534 30.539 30.544 30.549 30.554 30.559 30.564 30.568 30.573 30.578 30.582 30.587 30.592 30.596 30.601 30.606 30.611 30.615 30.620 30.625 30.630 30.635 30.640 30.645 30.650 30.656 30.661 30.666 30.671 30.676 30.681 30.686 30.691
30.275 30.280 30.285 30.291 30.296 30.301 30.306 30.311 30.316 30.321 30.327 30.332 30.337 30.342 30.347 30.352 30.357 30.363 30.368 30.374 30.380 30.385 30.391 30.396 30.401 30.406 30.411 30.416 30.422 30.427 30.433 30.438 30.443 30.449 30.454 30.459 30.465 30.471 30.476 30.482 30.488 30.494 30.500 30.507 30.512 30.517 30.522 30.527 30.532 30.537 30.543 30.548 30.553 30.559 30.565 30.571 30.577 30.583 30.590 30.596 30.603 30.610 30.617 30.624 30.631 30.639 30.645 30.652 30.658 30.665 30.671
30.178 30.183 30.188 30.193 30.198 30.203 30.207 30.212 30.217 30.221 30.226 30.231 30.236 30.241 30.246 30.251 30.256 30.261 30.267 30.272 30.278 30.284 30.289 30.294 30.299 30.304 30.310 30.316 30.322 30.328 30.334 30.340 30.346 30.352 30.358 30.364 30.371 30.378 30.384 30.391 30.398 30.404 30.411 30.417 30.424 30.431 30.437 30.444 30.451 30.458 30.465 30.472 30.480 30.487 30.495 30.503 30.511 30.518 30.526 30.534 30.542 30.550 30.558 30.566 30.575 30.583 30.592 30.600 30.609 30.618 30.627
30.082 30.087 30.091 30.096 30.100 30.104 30.109 30.113 30.117 30.121 30.126 30.131 30.136 30.141 30.146 30.150 30.155 30.160 30.165 30.170 30.176 30.182 30.187 30.192 30.197 30.203 30.209 30.215 30.222 30.229 30.235 30.242 30.248 30.255 30.262 30.269 30.277 30.285 30.292 30.300 30.307 30.314 30.321 30.328 30.336 30.345 30.353 30.362 30.370 30.379 30.388 30.396 30.406 30.415 30.425 30.435 30.444 30.454 30.463 30.471 30.480 30.489 30.499 30.508 30.518 30.528 30.538 30.549 30.560 30.572 30.584
29.976 29.980 29.984 29.987 29.991 29.995 29.999 30.002 30.005 30.008 30.012 30.015 30.018 30.022 30.043 30.064 30.068 30.071 30.076 30.081 30.088 30.095 30.101 30.107 30.113 30.120 30.127 30.133 30.141 30.148 30.156 30.164 30.172 30.180 30.166 30.152 30.160 30.169 30.177 30.186 30.195 30.204 30.213 30.222 30.232 30.242 30.252 30.262 30.273 30.283 30.294 30.305 30.316 30.327 30.338 30.350 30.361 30.373 30.385 30.396 30.408 30.420 30.433 30.445 30.458 30.472 30.484 30.497 30.511 30.524 30.538
29.870 29.873 29.876 29.879 29.882 29.886 29.889 29.891 29.893 29.895 29.897 29.900 29.901 29.903 29.940 29.978 29.980 29.982 29.987 29.992 30.000 30.008 30.015 30.023 30.030 30.037 30.044 30.052 30.060 30.068 30.077 30.086 30.096 30.106 30.070 30.034 30.043 30.053 30.062 30.072 30.083 30.093 30.105 30.116 30.128 30.140 30.151 30.163 30.175 30.188 30.201 30.214 30.227 30.239 30.252 30.264 30.278 30.292 30.307 30.321 30.336 30.352 30.367 30.383 30.399 30.415 30.431 30.446 30.461 30.476 30.492
29.710 29.711 29.714 29.717 29.718 29.720 29.723 29.726 29.729 29.733 29.737 29.742 29.745 29.748 29.786 29.823 29.824 29.824 29.805 29.787 29.795 29.804 29.812 29.821 29.824 29.827 29.865 29.902 29.909 29.915 29.926 29.937 29.948 29.959 29.927 29.894 29.906 29.918 29.929 29.940 29.954 29.968 29.983 29.998 30.013 30.028 30.043 30.058 30.074 30.089 30.104 30.120 30.135 30.151 30.167 30.183 30.199 30.216 30.233 30.251 30.268 30.286 30.303 30.321 30.339 30.358 30.376 30.395 30.414 30.433 30.453
29.550 29.549 29.552 29.554 -99999 -99999 -99999 -99999 -99999 -99999 -99999 -99999 -99999 -99999 -99999 -99999 -99999 -99999 -99999 -99999 -99999 -99999 -99999 -99999 29.618 29.618 29.685 29.753 29.758 29.763 29.775 29.787 29.800 29.812 29.783 29.755 29.769 29.783 29.796 29.808 29.825 29.842 29.861 29.881 29.898 29.916 29.935 29.954 29.972 29.991 30.008 30.025 30.044 30.063 30.083 30.102 30.121 30.140 30.160 30.180 30.200 30.220 30.239 30.258 30.279 30.300 30.322 30.343 30.366 30.389 30.413
29.532 29.284 29.738 30.192 -99999 -99999 -99999 -99999 -99999 -99999 -99999 -99999 -99999 -99999 -99999 -99999 -99999 -99999 -99999 -99999 -99999 -99999 -99999 -99999 29.243 29.218 29.263 29.309 29.530 29.751 29.695 29.639 29.623 29.607 29.606 29.605 29.623 29.641 29.679 29.717 29.736 29.754 29.776 29.797 29.819 29.840 29.862 29.884 29.904 29.924 29.945 29.967 29.989 30.011 30.033 30.055 30.057 30.058 30.081 30.104 30.127 30.151 30.173 30.196 30.221 30.246 30.272 30.298 30.325 30.352 30.379
-99999 -99999 -99999 -99999 -99999 -99999 -99999 -99999 -99999 -99999 -99999 -99999 -99999 -99999 -99999 -99999 -99999 -99999 -99999 -99999 -99999 -99999 -99999 -99999 -99999 -99999 -99999 -99999 -99999 -99999 -99999 -99999 -99999 -99999 -99999 -99999 -99999 -99999 29.561 29.625 29.646 29.667 29.690 29.714 29.739 29.764 29.789 29.814 29.835 29.856 29.883 29.909 29.933 29.958 29.983 30.007 29.992 29.977 30.002 30.027 30.054 30.082 30.108 30.134 30.163 30.192 30.223 30.253 30.284 30.314 30.345
-99999 -99999 -99999 -99999 -99999 -99999 -99999 -99999 -99999 -99999 -99999 -99999 -99999 -99999 -99999 -99999 -99999 -99999 -99999 -99999 -99999 -99999 -99999 -99999 -99999 -99999 -99999 -99999 -99999 -99999 -99999 -99999 -99999 -99999 -99999 -99999 -99999 -99999 29.154 29.310 29.383 29.456 29.483 29.510 29.532 29.555 29.577 29.600 29.643 29.686 29.704 29.723 29.753 29.784 29.811 29.838 29.857 29.876 29.902 29.928 29.959 29.991 30.024 30.058 30.090 30.123 30.157 30.192 30.228 30.264 30.302
-99999 -99999 -99999 -99999 -99999 -99999 -99999 -99999 -99999 -99999 -99999 -99999 -99999 -99999 -99999 -99999 -99999 -99999 -99999 -99999 -99999 -99999 -99999 -99999 -99999 -99999 -99999 -99999 -99999 -99999 -99999 -99999 -99999 -99999 -99999 -99999 -99999 -99999 -99999 -99999 -99999 -99999 -99999 -99999 -99999 -99999 -99999 -99999 -99999 -99999 -99999 -99999 -99999 -99999 -99999 -99999 29.721 29.774 29.801 29.828 29.864 29.900 29.941 29.982 30.018 30.054 30.092 30.130 30.172 30.214 30.259
-99999 -99999 -99999 -99999 -99999 -99999 -99999 -99999 -99999 -99999 -99999 -99999 -99999 -99999 -99999 -99999 -99999 -99999 -99999 -99999 -99999 -99999 -99999 -99999 -99999 -99999 -99999 -99999 -99999 -99999 -99999 -99999 -99999 -99999 -99999 -99999 -99999 -99999 -99999 -99999 -99999 -99999 -99999 -99999 -99999 -99999 -99999 -99999 -99999 -99999 -99999 -99999 -99999 -99999 -99999 -99999 29.688 29.841 29.821 29.800 29.836 29.871 29.907 29.943 29.981 30.019 30.062 30.105 30.151 30.197 30.243
-99999 -99999 -99999 -99999 -99999 -99999 -99999 -99999 -99999 -99999 -99999 -99999 -99999 -99999 -99999 -99999 -99999 -99999 -99999 -99999 -99999 -99999 -99999 -99999 -99999 -99999 -99999 -99999 -99999 -99999 -99999 -99999 -99999 -99999 -99999 -99999 -99999 -99999 -99999 -99999 -99999 -99999 -99999 -99999 -99999 -99999 -99999 -99999 -99999 -99999 -99999 -99999 -99999 -99999 -99999 -99999 29.655 29.908 29.840 29.772 29.808 29.842 29.873 29.904 29.944 29.984 30.032 30.081 30.131 30.181 30.227
-99999 -99999 -99999 -99999 -99999 -99999 -99999 -99999 -99999 -99999 -99999 -99999 -99999 -99999 -99999 -99999 -99999 -99999 -99999 -99999 -99999 -99999 -99999 -99999 -99999 -99999 -99999 -99999 -99999 -99999 -99999 -99999 -99999 -99999 -99999 -99999 -99999 -99999 -99999 -99999 -99999 -99999 -99999 -99999 -99999 -99999 -99999 -99999 -99999 -99999 -99999 -99999 -99999 -99999 -99999 -99999 29.842 29.934 29.919 29.903 29.937 29.972 30.005 30.039 30.077 30.116 30.159 30.201 30.249 30.297 30.350
-99999 -99999 -99999 -99999 -99999 -99999 -99999 -99999 -99999 -99999 -99999 -99999 -99999 -99999 -99999 -99999 -99999 -99999 -99999 -99999 -99999 -99999 -99999 -99999 -99999 -99999 -99999 -99999 -99999 -99999 -99999 -99999 -99999 -99999 -99999 -99999 -99999 -99999 -99999 -99999 -99999 -99999 -99999 -99999 -99999 -99999 -99999 -99999 -99999 -99999 29.741 29.954 30.008 30.062 30.080 30.098 30.029 29.961 29.997 30.033 30.067 30.101 30.137 30.173 30.210 30.247 30.285 30.322 30.368 30.413 30.473
-99999 -99999 -99999 -99999 -99999 -99999 -99999 -99999 -99999 -99999 -99999 -99999 -99999 -99999 -99999 -99999 -99999 -99999 -99999 -99999 -99999 -99999 -99999 -99999 -99999 -99999 -99999 -99999 -99999 -99999 -99999 -99999 -99999 -99999 -99999 -99999 -99999 -99999 -99999 -99999 -99999 -99999 -99999 -99999 -99999 -99999 -99999 -99999 -99999 -99999 29.829 29.979 30.020 30.061 30.083 30.105 30.092 30.078 30.120 30.161 30.202 30.243 30.285 30.327 30.371 30.414 30.459 30.503 30.556 30.609 30.674
-99999 -99999 -99999 -99999 -99999 -99999 -99999 -99999 -99999 -99999 -99999 -99999 -99999 -99999 -99999 -99999 -99999 -99999 -99999 -99999 -99999 -99999 -99999 -99999 -99999 -99999 -99999 -99999 -99999 -99999 -99999 -99999 -99999 -99999 -99999 -99999 -99999 -99999 -99999 -99999 -99999 -99999 -99999 -99999 -99999 -99999 29.635 29.745 29.787 29.830 29.917 30.005 30.033 30.060 30.087 30.113 30.155 30.196 30.243 30.289 30.337 30.384 30.433 30.481 30.531 30.581 30.632 30.684 30.745 30.805 30.875
-99999 -99999 -99999 -99999 -99999 -99999 -99999 -99999 -99999 -99999 -99999 -99999 -99999 -99999 -99999 -99999 -99999 -99999 -99999 -99999 -99999 -99999 -99999 -99999 -99999 -99999 -99999 -99999 -99999 -99999 -99999 -99999 -99999 -99999 -99999 -99999 -99999 -99999 -99999 -99999 -99999 -99999 -99999 -99999 -99999 -99999 29.772 29.889 29.941 29.992 30.064 30.137 30.176 30.215 30.255 30.295 30.342 30.389 30.439 30.489 30.544 30.597 30.653 30.709 30.764 30.820 30.878 30.936 31.003 31.069 31.145
-99999 -99999 -99999 -99999 -99999 -99999 -99999 -99999 -99999 -99999 -99999 -99999 -99999 -99999 -99999 -99999 -99999 -99999 -99999 -99999 -99999 -99999 -99999 -99999 -99999 -99999 -99999 -99999 -99999 -99999 -99999 -99999 -99999 -99999 -99999 -99999 -99999 -99999 -99999 -99999 -99999 -99999 -99999 -99999 -99999 -99999 29.908 30.034 30.094 30.154 30.211 30.268 30.319 30.370 30.423 30.476 30.529 30.582 30.636 30.689 30.750 30.811 30.874 30.936 30.998 31.059 31.123 31.188 31.260 31.333 31.415
-99999 -99999 -99999 -99999 -99999 -99999 -99999 -99999 -99999 -99999 -99999 -99999 -99999 -99999 -99999 -99999 -99999 -99999 -99999 -99999 -99999 -99999 -99999 -99999 -99999 -99999 -99999 -99999 -99999 -99999 -99999 -99999 -99999 -99999 -99999 -99999 -99999 -99999 -99999 -99999 -99999 -99999 -99999 -99999 -99999 -99999 29.999 30.127 30.204 30.281 30.355 30.428 30.498 30.566 30.635 30.704 30.771 30.837 30.906 30.974 31.045 31.115 31.184 31.253 31.320 31.387 31.460 31.531 31.612 31.692 31.784
-99999 -99999 -99999 -99999 -99999 -99999 -99999 -99999 -99999 -99999 -99999 -99999 -99999 -99999 -99999 -99999 -99999 -99999 -99999 -99999 -99999 -99999 -99999 -99999 -99999 -99999 -99999 -99999 -99999 -99999 -99999 -99999 -99999 -99999 -99999 -99999 -99999 -99999 -99999 -99999 -99999 -99999 -99999 -99999 -99999 -99999 30.091 30.220 30.315 30.409 30.499 30.588 30.676 30.762 30.847 30.932 31.013 31.093 31.176 31.259 31.339 31.418 31.494 31.569 31.643 31.716 31.796 31.874 31.963 32.051 32.154
-99999 -99999 -99999 -99999 -99999 -99999 -99999 -99999 -99999 -99999 -99999 -99999 -99999 -99999 -99999 -99999 -99999 -99999 -99999 -99999 -99999 -99999 -99999 -99999 -99999 -99999 -99999 -99999 -99999 -99999 -99999 -99999 -99999 -99999 -99999 -99999 -99999 -99999 -99999 -99999 -99999 -99999 -99999 -99999 -99999 -99999 30.198 30.336 30.442 30.548 30.648 30.747 30.849 30.950 31.054 31.158 31.261 31.364 31.468 31.571 31.668 31.764 31.857 31.950 32.040 32.130 32.224 32.317 32.416 32.514 32.619
-99999 -99999 -99999 -99999 -99999 -99999 -99999 -99999 -99999 -99999 -99999 -99999 -99999 -99999 -99999 -99999 -99999 -99999 -99999 -99999 -99999 -99999 -99999 -99999 -99999 -99999 -99999 -99999 -99999 -99999 -99999 -99999 -99999 -99999 -99999 -99999 -99999 -99999 -99999 -99999 -99999 -99999 29.976 30.054 30.106 30.159 30.305 30.451 30.569 30.688 30.797 30.906 31.022 31.137 31.260 31.383 31.510 31.636 31.760 31.883 31.997 32.110 32.221 32.330 32.437 32.544 32.652 32.759 32.868 32.976 33.083
-99999 -99999 -99999 -99999 -99999 -99999 -99999 -99999 -99999 -99999 -99999 -99999 -99999 -99999 -99999 -99999 -99999 -99999 -99999 -99999 -99999 -99999 -99999 -99999 -99999 -99999 -99999 -99999 -99999 -99999 -99999 -99999 -99999 -99999 -99999 -99999 -99999 -99999 -99999 -99999 -99999 -99999 29.641 30.052 30.144 30.236 30.413 30.590 30.735 30.879 31.011 31.142 31.282 31.420 31.568 31.715 31.867 32.019 32.161 32.302 32.427 32.552 32.666 32.779 32.881 32.983 33.079 33.175 33.266 33.357 33.442
-99999 -99999 -99999 -99999 -99999 -99999 -99999 -99999 -99999 -99999 -99999 -99999 -99999 -99999 -99999 -99999 -99999 -99999 -99999 -99999 -99999 -99999 -99999 -99999 -99999 -99999 -99999 -99999 -99999 -99999 -99999 -99999 -99999 -99999 -99999 -99999 -99999 -99999 -99999 -99999 -99999 -99999 29.308 30.049 30.182 30.314 30.522 30.729 30.900 31.070 31.225 31.379 31.541 31.703 31.876 32.048 32.225 32.401 32.562 32.721 32.858 32.993 33.111 33.227 33.325 33.421 33.507 33.591 33.664 33.737 33.801
-99999 -99999 -99999 -99999 -99999 -99999 -99999 -99999 -99999 -99999 -99999 -99999 -99999 -99999 -99999 -99999 -99999 -99999 -99999 -99999 -99999 -99999 -99999 -99999 -99999 -99999 -99999 -99999 -99999 -99999 -99999 -99999 -99999 -99999 -99999 -99999 -99999 -99999 -99999 -99999 -99999 -99999 29.856 30.283 30.431 30.578 30.780 30.982 31.187 31.391 31.579 31.766 31.953 32.138 32.310 32.480 32.645 32.809 32.939 33.068 33.180 33.291 33.384 33.476 33.555 33.633 33.700 33.767 33.825 33.882 33.932
-99999 -99999 -99999 -99999 -99999 -99999 -99999 -99999 -99999 -99999 -99999 -99999 -99999 -99999 -99999 -99999 -99999 -99999 -99999 -99999 -99999 -99999 -99999 -99999 -99999 -99999 -99999 -99999 -99999 -99999 -99999 -99999 -99999 -99999 -99999 -99999 -99999 -99999 -99999 -99999 -99999 -99999 30.404 30.517 30.679 30.841 31.038 31.235 31.474 31.713 31.934 32.154 32.364 32.574 32.743 32.912 33.065 33.217 33.316 33.416 33.503 33.590 33.658 33.725 33.785 33.844 33.894 33.943 33.985 34.027 34.063
-99999 -99999 -99999 -99999 -99999 -99999 -99999 -99999 -99999 -99999 -99999 -99999 -99999 -99999 -99999 -99999 -99999 -99999 -99999 -99999 -99999 -99999 -99999 -99999 -99999 -99999 -99999 -99999 -99999 -99999 -99999 -99999 -99999 -99999 -99999 -99999 -99999 -99999 -99999 -99999 -99999 -99999 30.604 30.739 30.929 31.118 31.339 31.559 31.809 32.057 32.269 32.480 32.671 32.861 33.005 33.149 33.270 33.391 33.476 33.560 33.632 33.703 33.761 33.819 33.867 33.916 33.957 33.999 34.034 34.069 34.099
