210920T124039_210824T225103_210726_sos_CMIP6_ssp585_2071_2101_mean-0p5deg.txt
ncols 719
nrows 359
xllcorner 0.0
yllcorner 89.5
cellsize -0.5
NODATA_value -99999
[rows 160 to 191 of 359, columns 71 to 141 of 719]
-99999 -99999 -99999 -99999 -99999 -99999 -99999 -99999 -99999 -99999 -99999 -99999 -99999 -99999 -99999 -99999 -99999 -99999 -99999 -99999 -99999 -99999 -99999 -99999 -99999 -99999 -99999 -99999 -99999 -99999 -99999 -99999 35.258 35.232 35.241 35.250 35.267 35.284 35.303 35.321 35.345 35.368 35.397 35.427 35.457 35.487 35.513 35.538 35.556 35.575 35.586 35.598 35.606 35.615 35.620 35.625 35.630 35.636 35.643 35.650 35.657 35.664 35.670 35.677 35.685 35.694 35.699 35.704 35.703 35.702 35.687
-99999 -99999 -99999 -99999 -99999 -99999 -99999 -99999 -99999 -99999 -99999 -99999 -99999 -99999 -99999 -99999 -99999 -99999 -99999 -99999 -99999 -99999 -99999 -99999 -99999 -99999 -99999 -99999 -99999 -99999 -99999 -99999 35.215 35.205 35.213 35.222 35.236 35.251 35.267 35.284 35.307 35.330 35.359 35.387 35.415 35.443 35.465 35.488 35.503 35.517 35.527 35.536 35.542 35.548 35.550 35.552 35.554 35.557 35.560 35.564 35.568 35.572 35.575 35.579 35.584 35.589 35.593 35.597 35.596 35.596 35.585
-99999 -99999 -99999 -99999 -99999 -99999 -99999 -99999 -99999 -99999 -99999 -99999 -99999 -99999 -99999 -99999 -99999 -99999 -99999 -99999 -99999 -99999 -99999 -99999 -99999 -99999 -99999 -99999 -99999 -99999 35.162 35.163 35.171 35.178 35.186 35.194 35.205 35.217 35.232 35.247 35.269 35.292 35.320 35.348 35.373 35.398 35.418 35.437 35.449 35.460 35.468 35.475 35.478 35.481 35.479 35.479 35.478 35.477 35.477 35.477 35.478 35.480 35.480 35.481 35.482 35.484 35.487 35.490 35.490 35.490 35.482
-99999 -99999 -99999 -99999 -99999 -99999 -99999 -99999 -99999 -99999 -99999 -99999 -99999 -99999 -99999 -99999 -99999 -99999 -99999 -99999 -99999 -99999 -99999 -99999 -99999 -99999 -99999 -99999 -99999 -99999 35.120 35.137 35.147 35.156 35.163 35.170 35.180 35.189 35.204 35.218 35.240 35.263 35.287 35.312 35.333 35.355 35.371 35.387 35.396 35.405 35.410 35.414 35.414 35.414 35.411 35.408 35.404 35.400 35.396 35.392 35.390 35.388 35.386 35.384 35.381 35.379 35.380 35.381 35.379 35.377 35.370
-99999 -99999 -99999 -99999 -99999 -99999 -99999 -99999 -99999 -99999 -99999 -99999 -99999 -99999 -99999 -99999 -99999 -99999 -99999 -99999 -99999 -99999 -99999 -99999 -99999 -99999 -99999 -99999 -99999 -99999 35.079 35.111 35.123 35.135 35.140 35.146 35.154 35.162 35.175 35.189 35.211 35.233 35.254 35.276 35.294 35.312 35.325 35.338 35.344 35.350 35.352 35.354 35.351 35.347 35.342 35.337 35.330 35.322 35.315 35.307 35.302 35.297 35.292 35.287 35.280 35.274 35.273 35.272 35.268 35.264 35.257
-99999 -99999 -99999 -99999 -99999 -99999 -99999 -99999 -99999 -99999 -99999 -99999 -99999 -99999 -99999 -99999 -99999 -99999 -99999 -99999 -99999 -99999 -99999 -99999 -99999 -99999 -99999 -99999 -99999 -99999 35.074 35.092 35.105 35.117 35.122 35.127 35.134 35.141 35.154 35.166 35.185 35.204 35.222 35.240 35.254 35.268 35.278 35.288 35.291 35.294 35.294 35.294 35.288 35.282 35.273 35.264 35.255 35.247 35.236 35.225 35.217 35.209 35.202 35.195 35.185 35.175 35.170 35.165 35.158 35.151 35.143
-99999 -99999 -99999 -99999 -99999 -99999 -99999 -99999 -99999 -99999 -99999 -99999 -99999 -99999 -99999 -99999 -99999 -99999 -99999 -99999 -99999 -99999 -99999 -99999 -99999 -99999 -99999 -99999 35.150 35.067 35.070 35.074 35.087 35.100 35.104 35.108 35.115 35.121 35.132 35.143 35.159 35.175 35.189 35.203 35.214 35.225 35.231 35.238 35.239 35.239 35.236 35.233 35.224 35.216 35.204 35.192 35.181 35.171 35.157 35.143 35.132 35.122 35.112 35.103 35.089 35.075 35.066 35.058 35.048 35.038 35.028
-99999 -99999 -99999 -99999 -99999 -99999 -99999 -99999 -99999 -99999 -99999 -99999 -99999 -99999 -99999 -99999 -99999 -99999 -99999 -99999 -99999 -99999 -99999 -99999 -99999 -99999 -99999 -99999 35.128 35.056 35.061 35.066 35.075 35.084 35.088 35.091 35.095 35.100 35.109 35.117 35.128 35.139 35.150 35.160 35.168 35.175 35.179 35.183 35.180 35.177 35.172 35.167 35.157 35.147 35.133 35.118 35.107 35.095 35.079 35.064 35.052 35.040 35.030 35.019 35.004 34.990 34.979 34.968 34.956 34.945 34.932
-99999 -99999 -99999 -99999 -99999 -99999 -99999 -99999 -99999 -99999 -99999 -99999 -99999 -99999 -99999 -99999 -99999 -99999 -99999 -99999 -99999 -99999 -99999 -99999 -99999 -99999 34.970 35.166 35.106 35.046 35.052 35.058 35.064 35.069 35.071 35.073 35.076 35.079 35.085 35.091 35.097 35.103 35.111 35.118 35.122 35.126 35.127 35.127 35.121 35.116 35.108 35.101 35.089 35.078 35.061 35.045 35.032 35.019 35.002 34.985 34.972 34.959 34.947 34.935 34.920 34.905 34.891 34.878 34.865 34.851 34.836
-99999 -99999 -99999 -99999 -99999 -99999 -99999 -99999 -99999 -99999 -99999 -99999 -99999 -99999 -99999 -99999 -99999 -99999 -99999 -99999 -99999 -99999 -99999 -99999 -99999 -99999 34.996 35.093 35.061 35.028 35.036 35.044 35.048 35.052 35.052 35.052 35.053 35.053 35.056 35.059 35.062 35.064 35.068 35.071 35.072 35.072 35.069 35.066 35.058 35.050 35.041 35.033 35.021 35.009 34.993 34.977 34.964 34.951 34.934 34.917 34.904 34.890 34.878 34.865 34.851 34.836 34.823 34.809 34.796 34.783 34.768
-99999 -99999 -99999 -99999 -99999 -99999 -99999 -99999 -99999 -99999 -99999 -99999 -99999 -99999 -99999 -99999 -99999 -99999 -99999 -99999 -99999 -99999 -99999 -99999 -99999 -99999 35.021 35.021 35.016 35.011 35.020 35.029 35.032 35.034 35.033 35.031 35.029 35.027 35.027 35.027 35.026 35.025 35.025 35.024 35.021 35.017 35.011 35.004 34.994 34.984 34.974 34.965 34.953 34.941 34.925 34.909 34.896 34.883 34.866 34.849 34.836 34.822 34.808 34.795 34.781 34.768 34.754 34.741 34.728 34.716 34.700
-99999 -99999 -99999 -99999 -99999 -99999 -99999 -99999 -99999 -99999 -99999 -99999 -99999 -99999 -99999 -99999 -99999 -99999 -99999 -99999 -99999 -99999 -99999 -99999 -99999 -99999 35.001 34.999 35.000 35.001 35.008 35.015 35.015 35.015 35.011 35.007 35.003 34.998 34.995 34.992 34.989 34.986 34.983 34.980 34.973 34.967 34.958 34.949 34.938 34.927 34.917 34.908 34.895 34.883 34.868 34.854 34.841 34.829 34.813 34.797 34.784 34.771 34.757 34.743 34.730 34.717 34.704 34.690 34.678 34.665 34.650
-99999 -99999 -99999 -99999 -99999 -99999 -99999 -99999 -99999 -99999 -99999 -99999 -99999 -99999 -99999 -99999 -99999 -99999 -99999 -99999 -99999 -99999 -99999 -99999 35.000 34.982 34.980 34.978 34.984 34.990 34.995 35.000 34.998 34.996 34.989 34.983 34.976 34.969 34.963 34.957 34.952 34.948 34.941 34.935 34.926 34.917 34.905 34.894 34.883 34.871 34.860 34.850 34.838 34.826 34.812 34.799 34.787 34.774 34.760 34.745 34.732 34.720 34.706 34.692 34.679 34.666 34.653 34.640 34.627 34.615 34.600
-99999 -99999 -99999 -99999 -99999 -99999 -99999 -99999 -99999 -99999 -99999 -99999 -99999 -99999 -99999 -99999 -99999 -99999 -99999 -99999 -99999 -99999 -99999 -99999 34.975 34.974 34.973 34.973 34.978 34.983 34.986 34.989 34.984 34.979 34.971 34.963 34.953 34.944 34.936 34.928 34.922 34.916 34.907 34.899 34.890 34.880 34.869 34.858 34.846 34.835 34.824 34.814 34.803 34.791 34.778 34.766 34.754 34.742 34.728 34.714 34.702 34.690 34.676 34.663 34.650 34.637 34.624 34.611 34.599 34.586 34.572
-99999 -99999 -99999 -99999 -99999 -99999 -99999 -99999 -99999 -99999 -99999 -99999 -99999 -99999 -99999 -99999 -99999 -99999 -99999 -99999 -99999 -99999 34.967 34.935 34.950 34.965 34.967 34.968 34.972 34.977 34.977 34.977 34.970 34.963 34.952 34.942 34.931 34.919 34.909 34.899 34.891 34.883 34.874 34.864 34.854 34.844 34.832 34.821 34.810 34.799 34.788 34.778 34.767 34.757 34.745 34.733 34.721 34.710 34.697 34.684 34.672 34.660 34.647 34.634 34.621 34.608 34.595 34.582 34.570 34.558 34.543
-99999 -99999 -99999 -99999 -99999 -99999 -99999 -99999 -99999 -99999 -99999 -99999 -99999 -99999 -99999 -99999 -99999 -99999 -99999 -99999 -99999 -99999 34.954 34.941 34.954 34.968 34.968 34.968 34.970 34.972 34.970 34.969 34.960 34.951 34.940 34.929 34.917 34.904 34.894 34.883 34.873 34.864 34.854 34.843 34.833 34.823 34.811 34.800 34.790 34.779 34.769 34.758 34.748 34.738 34.726 34.714 34.703 34.691 34.679 34.666 34.654 34.643 34.629 34.616 34.604 34.592 34.579 34.566 34.553 34.541 34.527
-99999 -99999 -99999 -99999 -99999 -99999 -99999 -99999 -99999 -99999 -99999 -99999 -99999 -99999 -99999 -99999 -99999 -99999 34.736 34.925 34.930 34.935 34.941 34.947 34.959 34.971 34.970 34.968 34.968 34.968 34.964 34.960 34.950 34.940 34.928 34.916 34.903 34.890 34.878 34.866 34.856 34.845 34.834 34.822 34.812 34.802 34.791 34.779 34.769 34.759 34.749 34.738 34.728 34.719 34.707 34.695 34.684 34.673 34.660 34.648 34.636 34.625 34.612 34.599 34.587 34.575 34.562 34.550 34.537 34.525 34.511
-99999 -99999 -99999 -99999 -99999 -99999 -99999 -99999 -99999 -99999 -99999 -99999 -99999 -99999 -99999 -99999 -99999 -99999 34.825 34.931 34.941 34.951 34.957 34.963 34.969 34.974 34.972 34.969 34.967 34.965 34.960 34.955 34.944 34.933 34.922 34.910 34.897 34.885 34.873 34.861 34.850 34.838 34.827 34.816 34.805 34.795 34.784 34.773 34.763 34.752 34.742 34.732 34.722 34.712 34.700 34.689 34.678 34.666 34.654 34.642 34.630 34.618 34.606 34.593 34.581 34.569 34.557 34.544 34.531 34.518 34.505
-99999 -99999 -99999 -99999 -99999 -99999 -99999 -99999 -99999 -99999 -99999 -99999 -99999 -99999 -99999 -99999 34.803 34.893 34.915 34.936 34.952 34.968 34.974 34.979 34.978 34.978 34.974 34.970 34.966 34.962 34.955 34.949 34.938 34.926 34.915 34.904 34.892 34.880 34.868 34.856 34.844 34.832 34.820 34.809 34.798 34.788 34.777 34.766 34.756 34.746 34.735 34.725 34.715 34.705 34.694 34.682 34.671 34.660 34.648 34.636 34.624 34.612 34.599 34.587 34.575 34.563 34.551 34.538 34.525 34.512 34.498
-99999 -99999 -99999 -99999 -99999 -99999 -99999 -99999 -99999 -99999 -99999 -99999 -99999 -99999 -99999 -99999 34.829 34.902 34.924 34.945 34.960 34.975 34.979 34.983 34.981 34.980 34.975 34.970 34.964 34.958 34.951 34.944 34.932 34.921 34.910 34.900 34.888 34.876 34.865 34.853 34.840 34.828 34.817 34.805 34.794 34.783 34.772 34.761 34.751 34.740 34.730 34.720 34.710 34.700 34.689 34.677 34.666 34.656 34.644 34.632 34.620 34.608 34.596 34.584 34.572 34.560 34.548 34.535 34.522 34.509 34.495
-99999 -99999 -99999 -99999 -99999 -99999 -99999 -99999 -99999 -99999 -99999 -99999 -99999 -99999 -99999 34.798 34.855 34.912 34.933 34.954 34.968 34.982 34.984 34.986 34.985 34.983 34.976 34.969 34.962 34.954 34.946 34.939 34.927 34.915 34.906 34.896 34.884 34.873 34.861 34.850 34.837 34.825 34.813 34.801 34.790 34.779 34.768 34.757 34.746 34.735 34.725 34.714 34.704 34.694 34.683 34.672 34.662 34.651 34.640 34.628 34.617 34.605 34.593 34.581 34.569 34.557 34.544 34.532 34.519 34.506 34.492
-99999 -99999 -99999 -99999 -99999 -99999 -99999 -99999 -99999 -99999 -99999 -99999 -99999 -99999 34.861 34.833 34.874 34.915 34.936 34.958 34.971 34.983 34.985 34.986 34.984 34.983 34.975 34.967 34.958 34.950 34.942 34.934 34.922 34.911 34.901 34.891 34.879 34.867 34.855 34.843 34.829 34.816 34.804 34.792 34.780 34.768 34.757 34.746 34.735 34.724 34.713 34.702 34.692 34.682 34.671 34.660 34.649 34.638 34.627 34.616 34.604 34.593 34.581 34.569 34.557 34.545 34.532 34.520 34.507 34.495 34.481
-99999 -99999 -99999 -99999 -99999 -99999 -99999 -99999 -99999 -99999 -99999 -99999 -99999 34.822 34.846 34.869 34.893 34.918 34.940 34.962 34.973 34.985 34.985 34.986 34.984 34.982 34.973 34.964 34.955 34.946 34.938 34.929 34.918 34.906 34.896 34.886 34.873 34.861 34.848 34.836 34.822 34.808 34.795 34.783 34.770 34.758 34.746 34.735 34.724 34.712 34.701 34.690 34.680 34.669 34.658 34.647 34.636 34.625 34.614 34.603 34.592 34.580 34.568 34.557 34.545 34.533 34.520 34.508 34.496 34.483 34.470
-99999 -99999 -99999 -99999 -99999 -99999 -99999 -99999 -99999 -99999 -99999 -99999 34.891 34.848 34.863 34.877 34.899 34.920 34.943 34.966 34.975 34.984 34.984 34.984 34.982 34.980 34.971 34.962 34.953 34.944 34.935 34.926 34.914 34.902 34.891 34.880 34.866 34.852 34.839 34.826 34.812 34.797 34.784 34.772 34.759 34.746 34.734 34.722 34.710 34.698 34.687 34.675 34.664 34.652 34.641 34.630 34.618 34.607 34.595 34.584 34.572 34.560 34.549 34.537 34.525 34.514 34.502 34.490 34.478 34.466 34.454
-99999 -99999 -99999 -99999 -99999 -99999 -99999 -99999 -99999 -99999 -99999 34.903 34.889 34.874 34.880 34.885 34.904 34.922 34.946 34.970 34.976 34.983 34.983 34.982 34.980 34.978 34.969 34.961 34.951 34.942 34.933 34.923 34.910 34.897 34.885 34.873 34.859 34.844 34.830 34.816 34.801 34.787 34.773 34.760 34.748 34.735 34.722 34.710 34.697 34.684 34.672 34.660 34.648 34.636 34.624 34.612 34.600 34.588 34.576 34.565 34.553 34.541 34.529 34.518 34.506 34.494 34.483 34.472 34.461 34.450 34.438
-99999 -99999 -99999 -99999 -99999 -99999 -99999 -99999 -99999 -99999 34.849 34.882 34.882 34.883 34.890 34.897 34.914 34.930 34.949 34.968 34.973 34.978 34.977 34.977 34.974 34.971 34.963 34.955 34.946 34.937 34.927 34.916 34.903 34.889 34.876 34.862 34.847 34.831 34.816 34.802 34.787 34.772 34.759 34.746 34.733 34.720 34.707 34.694 34.681 34.668 34.655 34.642 34.630 34.617 34.605 34.592 34.580 34.567 34.555 34.543 34.531 34.519 34.507 34.496 34.484 34.473 34.462 34.451 34.441 34.430 34.420
-99999 -99999 -99999 -99999 -99999 -99999 -99999 -99999 -99999 -99999 34.813 34.861 34.876 34.891 34.901 34.910 34.924 34.938 34.952 34.967 34.970 34.973 34.972 34.971 34.968 34.965 34.957 34.950 34.941 34.931 34.920 34.910 34.895 34.881 34.866 34.852 34.835 34.818 34.803 34.788 34.772 34.757 34.744 34.731 34.718 34.705 34.692 34.679 34.665 34.652 34.638 34.625 34.612 34.599 34.585 34.572 34.559 34.547 34.534 34.522 34.509 34.497 34.486 34.474 34.463 34.452 34.441 34.431 34.421 34.411 34.401
-99999 -99999 -99999 -99999 -99999 -99999 -99999 -99999 -99999 -99999 34.812 34.860 34.874 34.889 34.900 34.912 34.925 34.939 34.950 34.961 34.961 34.962 34.959 34.957 34.954 34.950 34.943 34.936 34.926 34.916 34.905 34.893 34.878 34.863 34.848 34.833 34.818 34.804 34.788 34.772 34.754 34.736 34.722 34.709 34.697 34.684 34.672 34.659 34.645 34.632 34.619 34.606 34.593 34.580 34.567 34.553 34.541 34.528 34.516 34.503 34.491 34.479 34.468 34.457 34.447 34.437 34.427 34.417 34.408 34.399 34.390
-99999 -99999 -99999 -99999 -99999 -99999 -99999 -99999 -99999 34.759 34.810 34.860 34.873 34.886 34.900 34.913 34.926 34.939 34.947 34.955 34.953 34.951 34.947 34.943 34.939 34.936 34.929 34.922 34.912 34.901 34.889 34.877 34.861 34.846 34.830 34.814 34.802 34.789 34.773 34.757 34.735 34.714 34.701 34.688 34.675 34.663 34.651 34.639 34.625 34.612 34.599 34.586 34.574 34.561 34.548 34.535 34.522 34.509 34.497 34.485 34.473 34.462 34.451 34.441 34.431 34.422 34.413 34.404 34.395 34.387 34.379
-99999 -99999 -99999 -99999 -99999 -99999 -99999 -99999 34.669 34.774 34.816 34.859 34.870 34.882 34.897 34.912 34.923 34.934 34.938 34.942 34.938 34.934 34.930 34.925 34.921 34.916 34.909 34.901 34.890 34.879 34.866 34.854 34.838 34.822 34.808 34.794 34.781 34.769 34.753 34.738 34.718 34.698 34.684 34.669 34.657 34.645 34.633 34.621 34.608 34.596 34.583 34.571 34.559 34.546 34.534 34.522 34.510 34.498 34.486 34.475 34.464 34.453 34.444 34.434 34.425 34.416 34.408 34.400 34.392 34.384 34.376
-99999 -99999 -99999 -99999 -99999 -99999 -99999 -99999 34.732 34.788 34.822 34.857 34.868 34.879 34.895 34.911 34.919 34.928 34.928 34.929 34.923 34.917 34.912 34.907 34.902 34.897 34.889 34.880 34.868 34.857 34.844 34.830 34.815 34.799 34.786 34.774 34.761 34.749 34.734 34.719 34.700 34.682 34.666 34.651 34.638 34.626 34.615 34.603 34.591 34.579 34.567 34.556 34.544 34.532 34.520 34.508 34.497 34.486 34.475 34.465 34.455 34.445 34.436 34.427 34.419 34.411 34.403 34.396 34.389 34.381 34.373
-99999 -99999 -99999 -99999 -99999 -99999 -99999 -99999 34.732 34.782 34.818 34.853 34.864 34.875 34.890 34.905 34.910 34.915 34.914 34.913 34.907 34.901 34.895 34.889 34.883 34.876 34.867 34.858 34.846 34.835 34.822 34.809 34.795 34.780 34.768 34.756 34.743 34.731 34.716 34.700 34.683 34.666 34.652 34.638 34.626 34.614 34.603 34.592 34.581 34.569 34.558 34.547 34.536 34.525 34.514 34.503 34.493 34.482 34.473 34.463 34.454 34.446 34.438 34.430 34.422 34.414 34.407 34.399 34.391 34.383 34.377
