210927T094733_210824T225103_210726_sos_CMIP6_ssp126_2071_2101_mean-0p5deg.txt
ncols 719
nrows 359
xllcorner 0.0
yllcorner 89.5
cellsize -0.5
NODATA_value -99999
[rows 0 to 31 of 359, columns 355 to 425 of 719]
31.089 31.088 31.079 31.069 31.067 31.064 31.064 31.063 31.063 31.062 31.062 31.061 31.060 31.060 31.059 31.059 31.058 31.058 31.057 31.057 31.056 31.056 31.055 31.055 31.054 31.054 31.053 31.053 31.052 31.052 31.051 31.051 31.050 31.050 31.049 31.048 31.048 31.047 31.046 31.045 31.044 31.044 31.043 31.042 31.042 31.041 31.040 31.040 31.039 31.038 31.038 31.037 31.037 31.036 31.035 31.035 31.034 31.034 31.033 31.033 31.032 31.032 31.031 31.031 31.030 31.030 31.029 31.029 31.028 31.028 31.027
31.052 31.049 31.041 31.033 31.031 31.029 31.028 31.027 31.026 31.025 31.024 31.023 31.022 31.022 31.021 31.020 31.019 31.018 31.017 31.016 31.015 31.014 31.013 31.012 31.011 31.010 31.009 31.008 31.007 31.006 31.005 31.004 31.003 31.002 31.001 30.999 30.998 30.996 30.995 30.994 30.993 30.992 30.990 30.989 30.988 30.987 30.986 30.985 30.984 30.982 30.981 30.980 30.979 30.978 30.977 30.976 30.975 30.974 30.973 30.972 30.971 30.970 30.969 30.968 30.967 30.966 30.965 30.964 30.963 30.962 30.961
31.015 31.010 31.003 30.997 30.995 30.994 30.993 30.991 30.990 30.988 30.987 30.986 30.984 30.983 30.982 30.980 30.979 30.978 30.976 30.975 30.973 30.972 30.971 30.969 30.968 30.966 30.965 30.963 30.962 30.961 30.959 30.958 30.956 30.954 30.952 30.950 30.948 30.946 30.944 30.943 30.941 30.939 30.938 30.936 30.934 30.933 30.931 30.930 30.928 30.926 30.925 30.923 30.921 30.920 30.918 30.917 30.915 30.914 30.912 30.911 30.910 30.908 30.907 30.906 30.904 30.903 30.901 30.900 30.898 30.897 30.895
30.982 30.976 30.972 30.968 30.966 30.965 30.963 30.962 30.960 30.958 30.957 30.955 30.953 30.952 30.950 30.949 30.947 30.945 30.944 30.942 30.940 30.937 30.935 30.933 30.931 30.929 30.927 30.925 30.923 30.921 30.919 30.917 30.915 30.913 30.911 30.909 30.907 30.905 30.903 30.901 30.899 30.897 30.895 30.893 30.891 30.889 30.887 30.885 30.883 30.881 30.879 30.878 30.876 30.874 30.872 30.870 30.868 30.866 30.864 30.863 30.861 30.859 30.857 30.856 30.854 30.852 30.850 30.849 30.847 30.845 30.843
30.949 30.943 30.941 30.940 30.938 30.936 30.934 30.932 30.930 30.928 30.926 30.924 30.923 30.921 30.919 30.917 30.915 30.913 30.911 30.909 30.906 30.903 30.900 30.897 30.894 30.892 30.889 30.886 30.884 30.881 30.879 30.876 30.874 30.872 30.870 30.868 30.866 30.864 30.862 30.860 30.858 30.856 30.853 30.851 30.848 30.846 30.843 30.841 30.839 30.836 30.834 30.832 30.830 30.828 30.826 30.823 30.821 30.819 30.816 30.814 30.812 30.810 30.808 30.806 30.804 30.802 30.800 30.797 30.795 30.793 30.791
30.905 30.901 30.899 30.897 30.895 30.893 30.891 30.889 30.887 30.885 30.883 30.881 30.879 30.876 30.873 30.870 30.868 30.865 30.862 30.860 30.857 30.855 30.852 30.849 30.847 30.844 30.842 30.840 30.837 30.835 30.832 30.829 30.827 30.824 30.822 30.820 30.818 30.815 30.813 30.811 30.808 30.806 30.804 30.801 30.799 30.797 30.794 30.792 30.790 30.787 30.785 30.783 30.780 30.778 30.776 30.773 30.771 30.769 30.766 30.764 30.762 30.760 30.757 30.755 30.753 30.751 30.749 30.747 30.745 30.743 30.740
30.861 30.859 30.857 30.855 30.853 30.851 30.848 30.846 30.843 30.841 30.840 30.838 30.835 30.832 30.828 30.824 30.820 30.817 30.814 30.811 30.809 30.806 30.804 30.802 30.799 30.797 30.795 30.793 30.791 30.788 30.785 30.783 30.780 30.777 30.775 30.772 30.769 30.767 30.764 30.761 30.759 30.756 30.754 30.752 30.750 30.748 30.745 30.743 30.740 30.738 30.735 30.733 30.731 30.728 30.726 30.723 30.721 30.718 30.716 30.714 30.711 30.709 30.707 30.705 30.702 30.700 30.698 30.696 30.694 30.692 30.689
30.803 30.800 30.797 30.794 30.792 30.789 30.787 30.785 30.781 30.778 30.775 30.772 30.769 30.766 30.763 30.760 30.757 30.754 30.752 30.749 30.747 30.744 30.742 30.740 30.737 30.735 30.733 30.731 30.729 30.726 30.724 30.722 30.719 30.717 30.715 30.713 30.711 30.709 30.707 30.705 30.702 30.700 30.698 30.696 30.695 30.693 30.691 30.689 30.686 30.684 30.682 30.680 30.678 30.676 30.674 30.672 30.670 30.668 30.666 30.664 30.662 30.660 30.658 30.656 30.654 30.652 30.650 30.649 30.647 30.645 30.643
30.744 30.741 30.737 30.733 30.730 30.728 30.726 30.723 30.719 30.715 30.711 30.706 30.704 30.701 30.699 30.696 30.694 30.692 30.690 30.687 30.685 30.682 30.680 30.677 30.675 30.673 30.671 30.668 30.666 30.664 30.663 30.661 30.659 30.657 30.656 30.654 30.652 30.651 30.649 30.648 30.646 30.644 30.643 30.641 30.639 30.637 30.636 30.634 30.632 30.631 30.629 30.627 30.626 30.624 30.622 30.621 30.619 30.618 30.616 30.614 30.613 30.611 30.610 30.608 30.606 30.605 30.603 30.602 30.600 30.599 30.597
30.686 30.683 30.679 30.676 30.672 30.669 30.665 30.662 30.659 30.655 30.651 30.647 30.644 30.641 30.639 30.636 30.634 30.632 30.629 30.627 30.625 30.622 30.620 30.618 30.616 30.614 30.612 30.610 30.609 30.607 30.605 30.604 30.602 30.600 30.598 30.597 30.595 30.594 30.593 30.591 30.590 30.589 30.587 30.586 30.584 30.582 30.581 30.579 30.578 30.576 30.575 30.574 30.572 30.571 30.570 30.568 30.567 30.566 30.565 30.563 30.562 30.560 30.559 30.558 30.556 30.555 30.554 30.553 30.552 30.551 30.549
30.629 30.624 30.621 30.618 30.614 30.609 30.605 30.601 30.598 30.595 30.591 30.587 30.584 30.581 30.579 30.576 30.574 30.572 30.569 30.567 30.564 30.562 30.560 30.558 30.557 30.555 30.554 30.552 30.551 30.550 30.548 30.547 30.545 30.543 30.541 30.539 30.538 30.537 30.536 30.535 30.534 30.533 30.532 30.530 30.529 30.527 30.526 30.524 30.523 30.522 30.521 30.520 30.519 30.518 30.517 30.516 30.515 30.514 30.513 30.512 30.511 30.510 30.509 30.507 30.507 30.506 30.505 30.505 30.504 30.503 30.502
30.578 30.573 30.569 30.564 30.560 30.556 30.551 30.546 30.542 30.539 30.535 30.531 30.528 30.525 30.522 30.520 30.517 30.515 30.512 30.510 30.508 30.505 30.504 30.502 30.500 30.498 30.497 30.496 30.494 30.493 30.491 30.490 30.488 30.487 30.485 30.484 30.482 30.481 30.480 30.479 30.478 30.477 30.476 30.474 30.473 30.472 30.471 30.470 30.469 30.468 30.467 30.466 30.465 30.464 30.463 30.462 30.461 30.461 30.460 30.459 30.458 30.457 30.457 30.456 30.456 30.455 30.455 30.454 30.453 30.453 30.452
30.527 30.522 30.516 30.510 30.506 30.502 30.496 30.491 30.487 30.482 30.479 30.475 30.472 30.469 30.466 30.463 30.460 30.458 30.455 30.453 30.451 30.449 30.447 30.445 30.443 30.442 30.440 30.439 30.437 30.436 30.434 30.433 30.432 30.430 30.429 30.428 30.427 30.426 30.424 30.423 30.422 30.421 30.420 30.419 30.418 30.417 30.416 30.415 30.414 30.413 30.412 30.411 30.411 30.410 30.409 30.408 30.408 30.407 30.407 30.406 30.406 30.405 30.405 30.405 30.404 30.404 30.404 30.403 30.403 30.403 30.402
30.476 30.471 30.464 30.458 30.453 30.449 30.443 30.438 30.434 30.430 30.426 30.422 30.419 30.416 30.413 30.410 30.408 30.405 30.403 30.401 30.399 30.397 30.395 30.393 30.392 30.390 30.388 30.387 30.385 30.384 30.382 30.381 30.380 30.379 30.378 30.377 30.375 30.374 30.373 30.372 30.371 30.370 30.369 30.367 30.367 30.366 30.365 30.364 30.363 30.362 30.362 30.361 30.360 30.360 30.359 30.358 30.358 30.357 30.356 30.356 30.356 30.355 30.355 30.354 30.354 30.354 30.353 30.353 30.353 30.352 30.352
30.424 30.419 30.413 30.407 30.401 30.396 30.391 30.386 30.381 30.377 30.373 30.369 30.366 30.363 30.360 30.358 30.355 30.353 30.351 30.349 30.347 30.345 30.343 30.341 30.340 30.338 30.337 30.335 30.333 30.332 30.331 30.329 30.328 30.327 30.326 30.325 30.324 30.323 30.322 30.321 30.319 30.318 30.317 30.316 30.316 30.315 30.314 30.314 30.313 30.312 30.311 30.311 30.310 30.309 30.309 30.308 30.307 30.307 30.306 30.306 30.306 30.305 30.305 30.304 30.304 30.303 30.303 30.303 30.302 30.302 30.302
30.374 30.368 30.362 30.356 30.351 30.345 30.341 30.336 30.332 30.327 30.323 30.320 30.316 30.313 30.310 30.306 30.304 30.301 30.298 30.296 30.294 30.291 30.289 30.287 30.285 30.283 30.282 30.280 30.278 30.277 30.275 30.274 30.272 30.271 30.269 30.268 30.267 30.265 30.264 30.263 30.262 30.261 30.260 30.259 30.258 30.257 30.256 30.256 30.255 30.254 30.253 30.252 30.251 30.251 30.250 30.249 30.249 30.248 30.248 30.247 30.247 30.246 30.246 30.245 30.245 30.245 30.244 30.244 30.244 30.244 30.244
30.323 30.317 30.311 30.306 30.300 30.295 30.291 30.286 30.282 30.277 30.274 30.270 30.266 30.263 30.259 30.255 30.252 30.249 30.246 30.243 30.241 30.238 30.236 30.233 30.231 30.229 30.227 30.225 30.223 30.222 30.220 30.218 30.216 30.214 30.213 30.211 30.209 30.208 30.207 30.205 30.204 30.203 30.202 30.201 30.200 30.200 30.199 30.198 30.197 30.196 30.195 30.194 30.193 30.192 30.191 30.191 30.190 30.190 30.189 30.188 30.188 30.187 30.187 30.186 30.186 30.186 30.186 30.186 30.185 30.185 30.185
30.269 30.262 30.257 30.251 30.246 30.241 30.236 30.231 30.227 30.222 30.218 30.214 30.210 30.206 30.202 30.198 30.195 30.191 30.188 30.185 30.182 30.179 30.176 30.174 30.171 30.169 30.167 30.164 30.162 30.160 30.158 30.156 30.154 30.152 30.150 30.149 30.147 30.145 30.144 30.142 30.141 30.139 30.138 30.137 30.136 30.135 30.134 30.133 30.132 30.131 30.130 30.128 30.127 30.126 30.125 30.125 30.124 30.123 30.123 30.122 30.122 30.121 30.121 30.121 30.121 30.121 30.121 30.121 30.121 30.121 30.122
30.214 30.207 30.202 30.197 30.192 30.187 30.182 30.176 30.172 30.167 30.163 30.159 30.154 30.149 30.145 30.141 30.137 30.134 30.130 30.126 30.123 30.120 30.117 30.114 30.112 30.109 30.106 30.104 30.101 30.099 30.097 30.095 30.092 30.090 30.088 30.086 30.084 30.083 30.081 30.079 30.077 30.076 30.074 30.073 30.071 30.070 30.069 30.068 30.067 30.066 30.064 30.063 30.062 30.061 30.060 30.059 30.058 30.057 30.057 30.056 30.056 30.056 30.055 30.055 30.055 30.056 30.056 30.057 30.057 30.058 30.058
30.166 30.159 30.153 30.147 30.142 30.136 30.131 30.126 30.121 30.116 30.112 30.107 30.103 30.098 30.094 30.090 30.086 30.081 30.077 30.073 30.070 30.067 30.063 30.061 30.058 30.055 30.052 30.049 30.045 30.042 30.040 30.037 30.035 30.032 30.030 30.027 30.025 30.023 30.021 30.018 30.016 30.014 30.013 30.011 30.009 30.008 30.006 30.005 30.003 30.002 30.000 29.999 29.997 29.996 29.994 29.993 29.992 29.991 29.990 29.989 29.989 29.988 29.988 29.988 29.989 29.989 29.990 29.990 29.991 29.992 29.994
30.117 30.111 30.104 30.097 30.091 30.086 30.081 30.076 30.070 30.065 30.060 30.056 30.052 30.048 30.043 30.039 30.034 30.029 30.025 30.021 30.017 30.013 30.010 30.007 30.004 30.001 29.997 29.993 29.990 29.986 29.983 29.980 29.977 29.974 29.971 29.968 29.966 29.963 29.960 29.958 29.955 29.953 29.951 29.949 29.947 29.945 29.943 29.941 29.940 29.938 29.936 29.934 29.933 29.931 29.929 29.928 29.926 29.925 29.923 29.922 29.922 29.921 29.921 29.921 29.922 29.922 29.923 29.924 29.926 29.927 29.929
30.080 30.073 30.066 30.059 30.052 30.045 30.039 30.033 30.027 30.022 30.016 30.011 30.007 30.002 29.998 29.994 29.989 29.984 29.979 29.974 29.970 29.966 29.961 29.957 29.953 29.949 29.944 29.939 29.935 29.930 29.926 29.922 29.918 29.915 29.911 29.908 29.904 29.901 29.898 29.894 29.891 29.889 29.886 29.884 29.881 29.879 29.876 29.874 29.871 29.868 29.866 29.864 29.862 29.860 29.858 29.856 29.854 29.852 29.851 29.850 29.849 29.848 29.848 29.848 29.848 29.848 29.849 29.850 29.851 29.853 29.855
30.043 30.035 30.028 30.020 30.012 30.004 29.997 29.990 29.984 29.978 29.972 29.967 29.962 29.957 29.953 29.948 29.943 29.938 29.933 29.928 29.923 29.918 29.913 29.907 29.902 29.897 29.891 29.885 29.880 29.875 29.870 29.865 29.860 29.856 29.851 29.847 29.843 29.839 29.835 29.830 29.827 29.824 29.821 29.818 29.815 29.812 29.809 29.806 29.802 29.799 29.796 29.793 29.791 29.788 29.786 29.784 29.782 29.780 29.778 29.777 29.776 29.775 29.774 29.774 29.774 29.774 29.774 29.775 29.777 29.778 29.780
30.032 30.023 30.015 30.006 29.997 29.989 29.980 29.972 29.965 29.958 29.951 29.945 29.939 29.933 29.927 29.921 29.916 29.910 29.905 29.899 29.894 29.888 29.882 29.876 29.870 29.864 29.857 29.851 29.845 29.839 29.833 29.826 29.820 29.813 29.807 29.801 29.795 29.789 29.784 29.778 29.773 29.768 29.763 29.758 29.754 29.750 29.746 29.742 29.738 29.734 29.730 29.726 29.723 29.719 29.716 29.713 29.711 29.710 29.708 29.706 29.705 29.704 29.703 29.702 29.702 29.701 29.702 29.702 29.703 29.705 29.707
30.021 30.011 30.001 29.991 29.982 29.973 29.964 29.955 29.946 29.938 29.930 29.923 29.916 29.908 29.902 29.895 29.889 29.883 29.876 29.870 29.864 29.858 29.852 29.845 29.838 29.831 29.824 29.817 29.810 29.803 29.795 29.787 29.779 29.771 29.763 29.755 29.747 29.739 29.733 29.726 29.719 29.713 29.706 29.699 29.693 29.688 29.683 29.678 29.674 29.670 29.664 29.660 29.655 29.650 29.646 29.643 29.641 29.639 29.637 29.636 29.634 29.633 29.631 29.630 29.629 29.629 29.629 29.630 29.630 29.631 29.633
30.039 30.029 30.019 30.008 29.998 29.988 29.978 29.968 29.958 29.949 29.941 29.932 29.924 29.916 29.909 29.902 29.895 29.888 29.882 29.875 29.869 29.862 29.856 29.849 29.842 29.835 29.828 29.821 29.813 29.804 29.795 29.785 29.775 29.765 29.754 29.743 29.733 29.724 29.714 29.704 29.694 29.685 29.674 29.664 29.656 29.647 29.641 29.634 29.628 29.622 29.615 29.609 29.602 29.595 29.591 29.588 29.585 29.582 29.579 29.576 29.574 29.572 29.570 29.569 29.568 29.568 29.567 29.567 29.567 29.568 29.570
30.058 30.047 30.036 30.025 30.014 30.003 29.992 29.981 29.971 29.960 29.951 29.942 29.933 29.924 29.916 29.909 29.901 29.894 29.887 29.880 29.873 29.866 29.860 29.853 29.847 29.840 29.832 29.825 29.815 29.805 29.794 29.783 29.771 29.758 29.745 29.731 29.720 29.708 29.695 29.682 29.669 29.657 29.643 29.630 29.618 29.607 29.599 29.590 29.583 29.575 29.566 29.558 29.549 29.541 29.537 29.532 29.529 29.525 29.521 29.517 29.514 29.511 29.510 29.508 29.507 29.506 29.505 29.504 29.504 29.505 29.507
30.116 30.106 30.096 30.085 30.074 30.063 30.052 30.041 30.029 30.018 30.008 29.997 29.988 29.979 29.970 29.961 29.954 29.947 29.941 29.935 29.929 29.923 29.918 29.913 29.907 29.901 29.894 29.887 29.877 29.866 29.853 29.840 29.824 29.808 29.791 29.775 29.758 29.741 29.724 29.706 29.689 29.672 29.654 29.636 29.622 29.608 29.596 29.585 29.573 29.562 29.550 29.537 29.528 29.519 29.512 29.506 29.500 29.494 29.488 29.483 29.479 29.476 29.473 29.471 29.468 29.465 29.464 29.463 29.463 29.464 29.465
30.173 30.164 30.155 30.145 30.134 30.124 30.112 30.100 30.088 30.076 30.065 30.053 30.043 30.033 30.024 30.014 30.007 30.000 29.995 29.989 29.985 29.980 29.976 29.972 29.967 29.962 29.955 29.949 29.938 29.927 29.912 29.896 29.877 29.857 29.838 29.818 29.797 29.775 29.753 29.731 29.709 29.688 29.665 29.643 29.626 29.609 29.594 29.579 29.564 29.549 29.533 29.517 29.506 29.496 29.488 29.480 29.471 29.462 29.456 29.449 29.445 29.440 29.437 29.433 29.429 29.425 29.424 29.423 29.422 29.422 29.422
30.226 30.229 30.228 30.228 30.224 30.220 30.211 30.203 30.192 30.181 30.170 30.158 30.147 30.136 30.127 30.118 30.112 30.105 30.100 30.096 30.094 30.091 30.089 30.087 30.084 30.081 30.075 30.070 30.059 30.049 30.032 30.016 29.995 29.973 29.949 29.925 29.899 29.873 29.847 29.821 29.794 29.768 29.742 29.716 29.694 29.672 29.652 29.632 29.612 29.591 29.573 29.555 29.540 29.525 29.512 29.500 29.488 29.475 29.466 29.457 29.449 29.441 29.434 29.427 29.422 29.417 29.414 29.411 29.409 29.406 29.406
30.279 30.293 30.302 30.310 30.313 30.316 30.311 30.306 30.296 30.286 30.274 30.263 30.251 30.239 30.231 30.222 30.216 30.209 30.206 30.203 30.202 30.202 30.202 30.202 30.201 30.199 30.195 30.191 30.181 30.170 30.153 30.136 30.112 30.089 30.061 30.033 30.002 29.971 29.941 29.910 29.879 29.848 29.819 29.790 29.763 29.736 29.711 29.686 29.660 29.633 29.613 29.592 29.573 29.554 29.537 29.520 29.504 29.488 29.476 29.464 29.453 29.442 29.432 29.422 29.415 29.409 29.404 29.399 29.395 29.391 29.390
30.263 30.287 30.305 30.324 30.337 30.350 30.355 30.360 30.359 30.358 30.353 30.349 30.343 30.338 30.333 30.329 30.327 30.325 30.326 30.326 30.328 30.329 30.332 30.333 30.335 30.336 30.337 30.338 30.334 30.330 30.320 30.309 30.289 30.269 30.243 30.216 30.185 30.154 30.122 30.090 30.055 30.020 29.983 29.947 29.912 29.877 29.843 29.809 29.776 29.743 29.714 29.684 29.657 29.630 29.606 29.582 29.562 29.542 29.524 29.507 29.492 29.477 29.464 29.451 29.442 29.432 29.424 29.415 29.409 29.403 29.398
