210927T094733_210824T225103_210726_sos_CMIP6_ssp126_2071_2101_mean-0p5deg.txt
ncols 719
nrows 359
xllcorner 0.0
yllcorner 89.5
cellsize -0.5
NODATA_value -99999
[rows 0 to 31 of 359, columns 0 to 70 of 719]
31.144 31.151 31.158 31.159 31.159 31.160 31.161 31.161 31.162 31.162 31.163 31.164 31.164 31.165 31.165 31.166 31.167 31.167 31.168 31.168 31.169 31.169 31.170 31.171 31.171 31.172 31.172 31.173 31.173 31.174 31.174 31.175 31.175 31.176 31.176 31.177 31.177 31.178 31.178 31.179 31.179 31.180 31.180 31.180 31.181 31.181 31.182 31.182 31.183 31.183 31.183 31.184 31.184 31.185 31.185 31.185 31.186 31.186 31.187 31.187 31.187 31.188 31.188 31.188 31.189 31.189 31.189 31.185 31.180 31.181 31.181
31.167 31.172 31.177 31.179 31.181 31.182 31.184 31.185 31.186 31.188 31.189 31.190 31.192 31.193 31.194 31.196 31.197 31.198 31.200 31.201 31.202 31.203 31.205 31.206 31.207 31.208 31.210 31.211 31.212 31.213 31.214 31.215 31.216 31.217 31.219 31.220 31.221 31.222 31.223 31.224 31.225 31.226 31.227 31.228 31.229 31.230 31.231 31.232 31.233 31.234 31.235 31.236 31.236 31.237 31.238 31.239 31.240 31.241 31.242 31.242 31.243 31.244 31.245 31.245 31.246 31.247 31.247 31.245 31.244 31.244 31.245
31.189 31.193 31.197 31.200 31.202 31.205 31.207 31.209 31.211 31.213 31.215 31.217 31.219 31.221 31.223 31.225 31.227 31.229 31.231 31.233 31.235 31.237 31.239 31.241 31.243 31.245 31.247 31.249 31.250 31.252 31.254 31.256 31.257 31.259 31.261 31.263 31.264 31.266 31.268 31.269 31.271 31.272 31.274 31.276 31.277 31.279 31.280 31.282 31.283 31.284 31.286 31.287 31.289 31.290 31.291 31.293 31.294 31.295 31.296 31.298 31.299 31.300 31.301 31.302 31.303 31.304 31.305 31.306 31.307 31.308 31.309
31.213 31.217 31.221 31.224 31.228 31.232 31.235 31.238 31.241 31.244 31.247 31.250 31.254 31.257 31.259 31.262 31.265 31.268 31.271 31.274 31.277 31.279 31.282 31.285 31.287 31.290 31.293 31.295 31.298 31.300 31.303 31.305 31.308 31.310 31.312 31.315 31.317 31.319 31.321 31.323 31.326 31.328 31.330 31.332 31.334 31.336 31.338 31.340 31.341 31.343 31.345 31.347 31.348 31.350 31.352 31.353 31.355 31.356 31.358 31.359 31.361 31.362 31.363 31.365 31.366 31.367 31.369 31.370 31.371 31.372 31.373
31.236 31.240 31.245 31.249 31.254 31.259 31.264 31.268 31.272 31.276 31.280 31.284 31.288 31.292 31.296 31.299 31.303 31.307 31.310 31.314 31.318 31.321 31.325 31.328 31.332 31.335 31.338 31.342 31.345 31.348 31.351 31.354 31.358 31.361 31.364 31.367 31.369 31.372 31.375 31.378 31.380 31.383 31.386 31.388 31.391 31.393 31.396 31.398 31.400 31.402 31.404 31.406 31.408 31.410 31.412 31.414 31.415 31.417 31.419 31.421 31.422 31.424 31.426 31.427 31.429 31.430 31.432 31.433 31.435 31.436 31.437
31.246 31.252 31.258 31.263 31.269 31.275 31.281 31.287 31.293 31.298 31.303 31.308 31.314 31.319 31.324 31.329 31.333 31.338 31.343 31.348 31.352 31.357 31.362 31.366 31.371 31.375 31.379 31.384 31.388 31.392 31.396 31.400 31.404 31.408 31.411 31.415 31.419 31.422 31.425 31.429 31.432 31.435 31.439 31.442 31.445 31.448 31.450 31.453 31.456 31.459 31.461 31.464 31.466 31.469 31.471 31.473 31.475 31.478 31.480 31.482 31.484 31.486 31.487 31.489 31.491 31.493 31.495 31.496 31.498 31.499 31.501
31.257 31.264 31.271 31.277 31.284 31.292 31.299 31.307 31.314 31.320 31.327 31.333 31.339 31.346 31.352 31.358 31.364 31.370 31.376 31.382 31.387 31.393 31.398 31.404 31.410 31.415 31.420 31.425 31.431 31.436 31.440 31.445 31.450 31.455 31.459 31.464 31.468 31.472 31.476 31.480 31.484 31.487 31.491 31.495 31.498 31.502 31.505 31.509 31.512 31.515 31.518 31.521 31.525 31.528 31.530 31.533 31.535 31.538 31.540 31.543 31.545 31.547 31.549 31.551 31.553 31.555 31.557 31.559 31.561 31.563 31.564
31.267 31.276 31.284 31.293 31.301 31.310 31.319 31.328 31.337 31.345 31.353 31.361 31.369 31.376 31.384 31.391 31.399 31.406 31.413 31.420 31.427 31.435 31.442 31.448 31.455 31.462 31.468 31.474 31.481 31.487 31.493 31.498 31.504 31.510 31.515 31.520 31.526 31.531 31.536 31.540 31.545 31.550 31.554 31.559 31.563 31.567 31.572 31.575 31.579 31.583 31.587 31.590 31.594 31.597 31.601 31.604 31.607 31.610 31.613 31.616 31.619 31.622 31.624 31.627 31.629 31.632 31.634 31.636 31.639 31.641 31.643
31.277 31.287 31.298 31.308 31.319 31.329 31.339 31.350 31.360 31.370 31.380 31.389 31.398 31.407 31.416 31.425 31.434 31.442 31.451 31.459 31.468 31.476 31.485 31.493 31.501 31.508 31.516 31.523 31.531 31.538 31.545 31.551 31.558 31.565 31.571 31.577 31.583 31.590 31.595 31.601 31.607 31.612 31.618 31.623 31.628 31.633 31.638 31.642 31.647 31.651 31.655 31.659 31.663 31.667 31.671 31.675 31.679 31.683 31.686 31.690 31.693 31.696 31.699 31.702 31.705 31.708 31.711 31.714 31.716 31.718 31.721
31.288 31.301 31.314 31.327 31.340 31.352 31.365 31.377 31.390 31.402 31.414 31.426 31.437 31.448 31.459 31.470 31.481 31.491 31.501 31.511 31.522 31.532 31.542 31.552 31.561 31.570 31.579 31.588 31.596 31.605 31.613 31.621 31.629 31.637 31.645 31.652 31.660 31.667 31.673 31.680 31.686 31.693 31.699 31.705 31.711 31.717 31.722 31.728 31.733 31.738 31.743 31.748 31.753 31.758 31.762 31.766 31.771 31.775 31.779 31.783 31.787 31.791 31.794 31.798 31.801 31.805 31.808 31.811 31.815 31.817 31.820
31.299 31.315 31.331 31.346 31.361 31.376 31.391 31.405 31.419 31.434 31.449 31.463 31.476 31.489 31.502 31.515 31.527 31.539 31.552 31.564 31.575 31.587 31.599 31.610 31.621 31.632 31.642 31.652 31.662 31.672 31.681 31.691 31.700 31.710 31.718 31.727 31.736 31.744 31.751 31.759 31.766 31.773 31.780 31.787 31.793 31.800 31.807 31.813 31.819 31.825 31.831 31.837 31.843 31.848 31.853 31.858 31.863 31.867 31.872 31.876 31.881 31.885 31.889 31.893 31.897 31.901 31.905 31.909 31.913 31.917 31.920
31.316 31.337 31.357 31.376 31.396 31.414 31.433 31.451 31.469 31.487 31.505 31.522 31.540 31.556 31.573 31.589 31.605 31.621 31.636 31.651 31.666 31.682 31.697 31.710 31.724 31.737 31.750 31.762 31.774 31.786 31.797 31.809 31.820 31.830 31.840 31.849 31.858 31.867 31.876 31.884 31.892 31.900 31.908 31.915 31.922 31.929 31.935 31.941 31.948 31.954 31.959 31.965 31.970 31.975 31.980 31.985 31.990 31.994 31.999 32.003 32.008 32.012 32.016 32.020 32.024 32.028 32.032 32.036 32.040 32.045 32.049
31.334 31.358 31.383 31.407 31.431 31.453 31.475 31.497 31.518 31.539 31.561 31.582 31.603 31.624 31.644 31.664 31.684 31.702 31.721 31.739 31.757 31.776 31.794 31.810 31.826 31.842 31.857 31.872 31.886 31.900 31.913 31.926 31.939 31.950 31.961 31.971 31.981 31.991 32.000 32.009 32.018 32.027 32.035 32.043 32.050 32.057 32.063 32.070 32.076 32.082 32.087 32.092 32.097 32.102 32.107 32.112 32.117 32.121 32.126 32.130 32.135 32.139 32.142 32.146 32.150 32.155 32.159 32.164 32.168 32.173 32.177
31.374 31.404 31.435 31.465 31.495 31.525 31.555 31.583 31.612 31.640 31.668 31.696 31.725 31.752 31.780 31.807 31.833 31.859 31.884 31.908 31.932 31.956 31.980 32.000 32.021 32.040 32.059 32.076 32.092 32.108 32.124 32.137 32.151 32.162 32.173 32.182 32.191 32.201 32.209 32.217 32.225 32.232 32.239 32.245 32.250 32.256 32.261 32.266 32.271 32.275 32.279 32.283 32.287 32.291 32.296 32.300 32.303 32.307 32.310 32.313 32.316 32.320 32.322 32.325 32.328 32.330 32.333 32.336 32.339 32.342 32.346
31.414 31.450 31.487 31.523 31.560 31.597 31.634 31.670 31.705 31.741 31.776 31.811 31.846 31.881 31.916 31.950 31.983 32.015 32.047 32.078 32.108 32.136 32.165 32.191 32.216 32.238 32.260 32.280 32.299 32.317 32.334 32.349 32.363 32.374 32.385 32.394 32.402 32.410 32.419 32.426 32.433 32.438 32.443 32.447 32.451 32.455 32.459 32.463 32.466 32.469 32.472 32.474 32.476 32.481 32.485 32.487 32.489 32.492 32.494 32.496 32.498 32.501 32.503 32.504 32.505 32.506 32.507 32.508 32.510 32.512 32.515
31.473 31.521 31.568 31.615 31.661 31.707 31.752 31.797 31.841 31.885 31.928 31.971 32.013 32.056 32.098 32.139 32.179 32.217 32.254 32.289 32.323 32.356 32.389 32.425 32.461 32.485 32.509 32.531 32.553 32.572 32.591 32.605 32.619 32.631 32.642 32.651 32.660 32.669 32.677 32.683 32.689 32.693 32.697 32.699 32.701 32.703 32.705 32.706 32.707 32.696 32.685 32.685 32.686 32.688 32.690 32.691 32.692 32.693 32.694 32.696 32.697 32.697 32.698 32.697 32.697 32.697 32.697 32.698 32.699 32.702 32.704
31.532 31.591 31.650 31.706 31.761 31.816 31.871 31.924 31.977 32.029 32.081 32.131 32.181 32.231 32.280 32.328 32.375 32.418 32.460 32.500 32.539 32.576 32.613 32.659 32.705 32.732 32.758 32.783 32.807 32.827 32.847 32.861 32.876 32.887 32.898 32.908 32.918 32.927 32.935 -99999 -99999 -99999 -99999 -99999 -99999 -99999 -99999 -99999 -99999 -99999 -99999 32.897 32.896 32.896 32.895 32.895 32.895 32.894 32.894 32.895 32.896 32.894 32.892 32.891 32.889 32.888 32.887 32.888 32.889 32.892 32.894
31.671 31.738 31.804 31.869 31.935 32.000 32.065 32.127 32.190 32.250 32.310 32.369 32.427 32.485 32.542 32.596 32.651 32.698 32.744 32.772 32.800 32.830 32.860 32.899 32.937 32.956 32.975 32.994 33.012 33.027 33.041 33.049 33.056 33.064 33.071 33.133 33.194 33.137 33.079 -99999 -99999 -99999 -99999 -99999 -99999 -99999 -99999 -99999 -99999 -99999 -99999 33.016 33.012 33.010 33.007 33.008 33.009 33.008 33.007 33.015 33.024 33.026 33.028 33.030 33.032 33.032 33.033 33.038 33.043 33.047 33.051
31.810 31.884 31.958 32.033 32.108 32.183 32.259 32.331 32.402 32.470 32.538 32.606 32.673 32.739 32.804 32.865 32.926 32.978 33.029 33.045 33.060 -99999 -99999 -99999 -99999 -99999 -99999 -99999 -99999 -99999 -99999 -99999 -99999 -99999 -99999 -99999 -99999 -99999 -99999 -99999 -99999 -99999 -99999 -99999 -99999 -99999 -99999 -99999 -99999 -99999 -99999 -99999 -99999 33.124 33.119 33.121 33.123 33.121 33.119 33.136 33.152 33.158 33.163 33.169 33.175 33.177 33.178 33.187 33.196 33.203 33.209
32.054 32.141 32.229 32.316 32.403 32.490 32.576 32.661 32.746 32.825 32.904 32.980 33.056 33.126 33.196 33.260 33.323 33.381 33.439 33.486 33.531 -99999 -99999 -99999 -99999 -99999 -99999 -99999 -99999 -99999 -99999 -99999 -99999 -99999 -99999 -99999 -99999 -99999 -99999 -99999 -99999 -99999 -99999 -99999 -99999 -99999 -99999 -99999 -99999 -99999 -99999 -99999 -99999 33.086 33.041 33.125 33.209 33.212 33.215 33.229 33.243 33.251 33.259 33.271 33.282 33.289 33.295 33.305 33.315 33.324 33.333
32.297 32.399 32.500 32.599 32.699 32.797 32.894 32.992 33.090 33.180 33.270 33.354 33.438 33.513 33.588 33.654 33.720 33.785 33.849 33.926 34.002 -99999 -99999 -99999 -99999 -99999 -99999 -99999 -99999 -99999 -99999 -99999 -99999 -99999 -99999 -99999 -99999 -99999 -99999 -99999 -99999 -99999 -99999 -99999 -99999 -99999 -99999 -99999 -99999 -99999 -99999 -99999 -99999 33.048 32.962 33.129 33.294 33.302 33.310 33.322 33.333 33.344 33.355 33.373 33.390 33.401 33.411 33.423 33.433 33.445 33.456
32.610 32.717 32.823 32.926 33.028 33.126 33.223 33.316 33.408 33.494 33.579 33.657 33.735 33.801 33.867 33.930 33.992 34.009 34.025 34.050 34.075 -99999 -99999 -99999 -99999 -99999 -99999 -99999 -99999 -99999 -99999 -99999 -99999 -99999 -99999 -99999 -99999 -99999 -99999 -99999 -99999 -99999 -99999 -99999 -99999 -99999 -99999 -99999 -99999 -99999 -99999 -99999 -99999 33.252 33.228 33.322 33.416 33.431 33.446 33.463 33.480 33.495 33.510 33.526 33.543 33.553 33.563 33.571 33.579 33.588 33.596
32.923 33.034 33.145 33.252 33.357 33.455 33.553 33.639 33.725 33.807 33.888 33.960 34.032 34.089 34.146 34.205 34.264 34.233 34.201 34.174 34.147 -99999 -99999 -99999 -99999 -99999 -99999 -99999 -99999 -99999 -99999 -99999 -99999 -99999 -99999 -99999 -99999 -99999 -99999 -99999 -99999 -99999 -99999 -99999 -99999 -99999 -99999 -99999 -99999 33.346 33.347 33.383 33.418 33.456 33.493 33.515 33.537 33.559 33.581 33.604 33.626 33.645 33.664 33.680 33.696 33.705 33.714 33.720 33.725 33.731 33.736
33.261 33.368 33.473 33.568 33.662 33.747 33.831 33.905 33.978 34.042 34.105 34.162 34.218 34.259 34.299 34.338 34.377 34.367 34.357 34.344 34.331 -99999 -99999 -99999 -99999 -99999 -99999 -99999 -99999 -99999 -99999 -99999 -99999 -99999 -99999 -99999 -99999 -99999 -99999 -99999 -99999 -99999 -99999 -99999 -99999 -99999 -99999 -99999 -99999 33.528 33.510 33.535 33.559 33.594 33.629 33.659 33.689 33.719 33.748 33.774 33.800 33.815 33.830 33.838 33.846 33.846 33.846 33.843 33.839 33.837 33.835
33.599 33.700 33.801 33.884 33.966 34.038 34.110 34.171 34.232 34.278 34.323 34.364 34.404 34.428 34.452 34.471 34.490 34.501 34.512 34.514 34.515 34.505 34.495 34.522 34.549 34.653 34.757 -99999 -99999 -99999 -99999 -99999 -99999 -99999 -99999 -99999 -99999 33.696 33.965 33.958 33.950 -99999 -99999 -99999 -99999 -99999 -99999 -99999 -99999 33.710 33.674 33.687 33.699 33.732 33.764 33.803 33.841 33.878 33.916 33.945 33.974 33.985 33.996 33.996 33.996 33.987 33.978 33.966 33.953 33.944 33.935
33.865 33.945 34.023 34.090 34.156 34.210 34.265 34.311 34.358 34.393 34.427 34.456 34.486 34.504 34.522 34.536 34.549 34.557 34.565 34.566 34.567 34.554 34.541 34.561 34.580 34.624 34.669 -99999 -99999 -99999 -99999 -99999 -99999 -99999 -99999 -99999 -99999 34.011 34.100 34.083 34.066 -99999 -99999 -99999 -99999 -99999 -99999 -99999 -99999 33.844 33.831 33.850 33.867 33.901 33.934 33.971 34.008 34.040 34.071 34.092 34.113 34.118 34.123 34.118 34.113 34.101 34.090 34.077 34.063 34.054 34.044
34.132 34.188 34.245 34.296 34.346 34.383 34.419 34.452 34.485 34.508 34.531 34.549 34.568 34.580 34.593 34.601 34.609 34.614 34.618 34.619 34.620 34.603 34.587 34.599 34.611 34.596 34.580 34.552 34.524 34.485 34.447 -99999 -99999 -99999 -99999 34.379 34.417 34.326 34.234 34.208 34.181 34.154 34.127 34.072 34.018 33.996 33.974 33.970 33.966 33.978 33.989 34.012 34.036 34.070 34.104 34.140 34.175 34.201 34.227 34.240 34.253 34.251 34.250 34.240 34.230 34.216 34.202 34.188 34.173 34.164 34.154
34.250 34.294 34.338 34.377 34.416 34.445 34.474 34.500 34.525 34.545 34.565 34.581 34.597 34.608 34.620 34.628 34.635 34.640 34.645 34.646 34.648 34.640 34.632 34.649 34.665 34.656 34.647 34.630 34.612 34.587 34.562 -99999 -99999 -99999 -99999 34.462 34.462 34.398 34.334 34.304 34.275 34.252 34.229 34.181 34.133 34.122 34.111 34.114 34.118 34.133 34.148 34.171 34.193 34.220 34.246 34.266 34.285 34.298 34.310 34.313 34.316 34.310 34.305 34.296 34.286 34.274 34.263 34.251 34.239 34.230 34.221
34.368 34.399 34.430 34.458 34.485 34.507 34.529 34.548 34.566 34.583 34.600 34.613 34.626 34.636 34.647 34.654 34.662 34.667 34.671 34.674 34.677 34.677 34.677 34.698 34.719 34.716 34.714 34.707 34.701 34.689 34.677 34.658 34.638 34.610 34.583 34.545 34.507 34.471 34.434 34.401 34.368 34.349 34.331 34.290 34.248 34.248 34.248 34.259 34.269 34.288 34.307 34.329 34.351 34.369 34.387 34.391 34.396 34.394 34.392 34.385 34.378 34.369 34.360 34.351 34.342 34.333 34.324 34.314 34.305 34.297 34.288
34.409 34.436 34.462 34.486 34.509 34.529 34.549 34.566 34.584 34.599 34.615 34.628 34.641 34.652 34.662 34.670 34.678 34.683 34.688 34.690 34.693 34.694 34.695 34.704 34.714 34.711 34.709 34.704 34.700 34.692 34.685 34.671 34.657 34.634 34.610 34.579 34.548 34.520 34.491 34.470 34.449 34.438 34.426 34.404 34.382 34.380 34.378 34.384 34.389 34.397 34.405 34.414 34.422 34.426 34.429 34.425 34.421 34.415 34.408 34.399 34.389 34.380 34.371 34.362 34.352 34.345 34.337 34.329 34.322 34.314 34.305
34.450 34.472 34.495 34.513 34.532 34.550 34.568 34.585 34.601 34.616 34.631 34.643 34.656 34.667 34.678 34.686 34.694 34.699 34.704 34.707 34.709 34.710 34.712 34.710 34.708 34.706 34.704 34.701 34.699 34.696 34.693 34.685 34.677 34.657 34.637 34.613 34.589 34.569 34.548 34.539 34.530 34.526 34.522 34.519 34.517 34.512 34.508 34.509 34.510 34.507 34.503 34.499 34.494 34.483 34.471 34.459 34.447 34.435 34.423 34.412 34.400 34.391 34.381 34.372 34.363 34.356 34.350 34.344 34.339 34.330 34.322
34.472 34.493 34.515 34.534 34.553 34.572 34.590 34.606 34.623 34.637 34.652 34.664 34.676 34.686 34.696 34.703 34.710 34.715 34.719 34.721 34.722 34.722 34.722 34.720 34.717 34.713 34.709 34.705 34.701 34.697 34.693 34.686 34.679 34.666 34.654 34.639 34.624 34.609 34.593 34.583 34.573 34.565 34.557 34.550 34.543 34.534 34.526 34.520 34.514 34.506 34.498 34.489 34.479 34.466 34.453 34.439 34.425 34.410 34.395 34.382 34.368 34.357 34.346 34.337 34.328 34.323 34.318 34.314 34.310 34.305 34.300
