211007T114700_210824T225103_210726_sos_CMIP6_ssp585_2071_2101_diff-0p5deg.txt
ncols 719
nrows 359
xllcorner 0.0
yllcorner 89.5
cellsize -0.5
NODATA_value -99999
[rows 256 to 287 of 359, columns 432 to 503 of 719]
-0.108 -0.109 -0.111 -0.111 -0.112 -0.114 -0.115 -0.117 -0.118 -0.120 -0.121 -0.122 -0.123 -0.124 -0.126 -0.126 -0.127 -0.128 -0.128 -0.129 -0.130 -0.130 -0.131 -0.132 -0.132 -0.132 -0.132 -0.133 -0.133 -0.134 -0.135 -0.135 -0.135 -0.135 -0.135 -0.136 -0.136 -0.136 -0.136 -0.136 -0.136 -0.135 -0.135 -0.135 -0.134 -0.134 -0.134 -0.133 -0.133 -0.132 -0.131 -0.131 -0.130 -0.129 -0.129 -0.128 -0.127 -0.126 -0.126 -0.125 -0.124 -0.124 -0.123 -0.122 -0.122 -0.121 -0.121 -0.120 -0.120 -0.119 -0.119 -0.118
-0.114 -0.116 -0.117 -0.118 -0.119 -0.121 -0.122 -0.123 -0.125 -0.126 -0.127 -0.128 -0.130 -0.131 -0.132 -0.133 -0.134 -0.135 -0.135 -0.136 -0.137 -0.138 -0.138 -0.139 -0.140 -0.140 -0.141 -0.141 -0.141 -0.142 -0.142 -0.143 -0.143 -0.143 -0.143 -0.143 -0.144 -0.144 -0.144 -0.144 -0.144 -0.144 -0.144 -0.144 -0.143 -0.143 -0.143 -0.143 -0.142 -0.142 -0.141 -0.141 -0.140 -0.140 -0.139 -0.139 -0.138 -0.137 -0.137 -0.136 -0.136 -0.135 -0.135 -0.134 -0.133 -0.133 -0.132 -0.132 -0.131 -0.131 -0.130 -0.129
-0.121 -0.122 -0.124 -0.125 -0.127 -0.128 -0.129 -0.130 -0.131 -0.132 -0.133 -0.135 -0.136 -0.138 -0.139 -0.140 -0.141 -0.142 -0.142 -0.143 -0.144 -0.145 -0.145 -0.146 -0.147 -0.148 -0.149 -0.149 -0.149 -0.150 -0.150 -0.151 -0.151 -0.151 -0.151 -0.151 -0.152 -0.152 -0.152 -0.152 -0.153 -0.153 -0.152 -0.152 -0.152 -0.152 -0.152 -0.152 -0.152 -0.151 -0.151 -0.151 -0.150 -0.150 -0.150 -0.150 -0.149 -0.149 -0.148 -0.148 -0.147 -0.147 -0.146 -0.146 -0.145 -0.144 -0.144 -0.143 -0.142 -0.142 -0.141 -0.141
-0.122 -0.124 -0.125 -0.127 -0.128 -0.129 -0.131 -0.132 -0.133 -0.134 -0.135 -0.136 -0.138 -0.139 -0.140 -0.141 -0.142 -0.143 -0.144 -0.145 -0.146 -0.147 -0.148 -0.148 -0.149 -0.150 -0.151 -0.152 -0.152 -0.153 -0.153 -0.154 -0.154 -0.155 -0.155 -0.155 -0.156 -0.156 -0.156 -0.157 -0.157 -0.157 -0.157 -0.157 -0.157 -0.157 -0.157 -0.157 -0.157 -0.157 -0.157 -0.156 -0.156 -0.156 -0.156 -0.156 -0.156 -0.156 -0.155 -0.155 -0.155 -0.154 -0.154 -0.153 -0.153 -0.152 -0.152 -0.151 -0.150 -0.150 -0.150 -0.149
-0.123 -0.125 -0.126 -0.128 -0.130 -0.131 -0.132 -0.133 -0.134 -0.135 -0.136 -0.138 -0.139 -0.140 -0.142 -0.143 -0.144 -0.145 -0.146 -0.147 -0.148 -0.149 -0.150 -0.151 -0.152 -0.153 -0.154 -0.154 -0.155 -0.156 -0.156 -0.157 -0.158 -0.158 -0.159 -0.159 -0.159 -0.160 -0.160 -0.161 -0.161 -0.162 -0.162 -0.162 -0.162 -0.162 -0.162 -0.162 -0.162 -0.162 -0.162 -0.162 -0.162 -0.162 -0.162 -0.162 -0.162 -0.162 -0.162 -0.162 -0.162 -0.162 -0.161 -0.161 -0.161 -0.160 -0.160 -0.159 -0.159 -0.158 -0.158 -0.158
-0.121 -0.122 -0.124 -0.126 -0.127 -0.129 -0.130 -0.131 -0.132 -0.133 -0.135 -0.136 -0.137 -0.138 -0.140 -0.141 -0.142 -0.143 -0.144 -0.145 -0.147 -0.147 -0.148 -0.149 -0.150 -0.151 -0.152 -0.153 -0.154 -0.155 -0.155 -0.156 -0.157 -0.158 -0.159 -0.159 -0.160 -0.160 -0.161 -0.162 -0.162 -0.163 -0.163 -0.164 -0.164 -0.164 -0.164 -0.164 -0.165 -0.165 -0.165 -0.165 -0.165 -0.166 -0.166 -0.166 -0.166 -0.166 -0.166 -0.166 -0.166 -0.166 -0.166 -0.166 -0.166 -0.165 -0.165 -0.165 -0.164 -0.164 -0.164 -0.164
-0.118 -0.120 -0.121 -0.123 -0.125 -0.126 -0.128 -0.129 -0.130 -0.131 -0.133 -0.134 -0.135 -0.136 -0.138 -0.139 -0.140 -0.141 -0.143 -0.144 -0.145 -0.146 -0.147 -0.148 -0.149 -0.150 -0.151 -0.152 -0.153 -0.153 -0.154 -0.156 -0.157 -0.158 -0.159 -0.159 -0.160 -0.161 -0.162 -0.163 -0.163 -0.164 -0.165 -0.165 -0.166 -0.166 -0.166 -0.167 -0.167 -0.167 -0.168 -0.168 -0.168 -0.169 -0.169 -0.169 -0.170 -0.170 -0.170 -0.170 -0.171 -0.171 -0.171 -0.171 -0.171 -0.171 -0.171 -0.170 -0.170 -0.170 -0.170 -0.170
-0.114 -0.115 -0.117 -0.119 -0.120 -0.122 -0.123 -0.124 -0.126 -0.127 -0.128 -0.130 -0.131 -0.132 -0.133 -0.135 -0.136 -0.137 -0.138 -0.140 -0.141 -0.142 -0.143 -0.144 -0.145 -0.146 -0.147 -0.148 -0.149 -0.150 -0.151 -0.152 -0.153 -0.155 -0.156 -0.157 -0.158 -0.159 -0.160 -0.160 -0.161 -0.162 -0.163 -0.164 -0.164 -0.165 -0.165 -0.166 -0.166 -0.167 -0.168 -0.168 -0.169 -0.169 -0.170 -0.170 -0.171 -0.171 -0.172 -0.172 -0.172 -0.173 -0.173 -0.173 -0.174 -0.174 -0.174 -0.174 -0.173 -0.174 -0.174 -0.174
-0.109 -0.111 -0.113 -0.114 -0.116 -0.117 -0.119 -0.120 -0.121 -0.123 -0.124 -0.125 -0.127 -0.128 -0.129 -0.130 -0.132 -0.133 -0.134 -0.135 -0.136 -0.138 -0.139 -0.140 -0.141 -0.142 -0.144 -0.145 -0.146 -0.147 -0.148 -0.149 -0.150 -0.151 -0.153 -0.154 -0.155 -0.156 -0.157 -0.158 -0.159 -0.160 -0.161 -0.162 -0.163 -0.164 -0.164 -0.165 -0.166 -0.167 -0.167 -0.168 -0.169 -0.170 -0.170 -0.171 -0.172 -0.172 -0.173 -0.174 -0.174 -0.175 -0.175 -0.176 -0.176 -0.176 -0.177 -0.177 -0.177 -0.177 -0.178 -0.178
-0.105 -0.107 -0.108 -0.110 -0.111 -0.113 -0.114 -0.115 -0.116 -0.118 -0.119 -0.120 -0.122 -0.123 -0.124 -0.125 -0.127 -0.128 -0.129 -0.130 -0.131 -0.133 -0.134 -0.135 -0.136 -0.137 -0.139 -0.140 -0.141 -0.142 -0.144 -0.145 -0.146 -0.147 -0.149 -0.150 -0.151 -0.152 -0.153 -0.154 -0.156 -0.157 -0.158 -0.159 -0.160 -0.160 -0.161 -0.162 -0.163 -0.164 -0.165 -0.166 -0.167 -0.168 -0.169 -0.169 -0.170 -0.171 -0.172 -0.173 -0.173 -0.174 -0.175 -0.175 -0.176 -0.176 -0.177 -0.177 -0.178 -0.179 -0.179 -0.179
-0.101 -0.103 -0.104 -0.105 -0.107 -0.108 -0.109 -0.110 -0.112 -0.113 -0.114 -0.115 -0.117 -0.118 -0.119 -0.120 -0.121 -0.123 -0.124 -0.125 -0.126 -0.128 -0.129 -0.130 -0.131 -0.133 -0.134 -0.135 -0.137 -0.138 -0.139 -0.141 -0.142 -0.143 -0.145 -0.146 -0.147 -0.148 -0.149 -0.151 -0.152 -0.153 -0.154 -0.155 -0.156 -0.157 -0.158 -0.159 -0.160 -0.161 -0.163 -0.164 -0.165 -0.166 -0.167 -0.168 -0.169 -0.170 -0.170 -0.171 -0.172 -0.173 -0.174 -0.175 -0.176 -0.176 -0.177 -0.178 -0.179 -0.180 -0.180 -0.181
-0.098 -0.100 -0.101 -0.102 -0.103 -0.105 -0.106 -0.107 -0.108 -0.109 -0.110 -0.111 -0.112 -0.113 -0.114 -0.116 -0.117 -0.118 -0.119 -0.120 -0.121 -0.123 -0.124 -0.125 -0.126 -0.128 -0.129 -0.131 -0.132 -0.133 -0.135 -0.136 -0.138 -0.139 -0.140 -0.141 -0.142 -0.144 -0.145 -0.146 -0.147 -0.148 -0.150 -0.151 -0.152 -0.153 -0.154 -0.155 -0.157 -0.158 -0.159 -0.160 -0.162 -0.163 -0.164 -0.165 -0.166 -0.167 -0.168 -0.169 -0.170 -0.171 -0.172 -0.173 -0.174 -0.175 -0.176 -0.177 -0.178 -0.179 -0.180 -0.181
-0.096 -0.097 -0.098 -0.099 -0.100 -0.101 -0.102 -0.103 -0.104 -0.105 -0.106 -0.107 -0.108 -0.109 -0.110 -0.111 -0.112 -0.113 -0.114 -0.115 -0.117 -0.118 -0.119 -0.120 -0.122 -0.123 -0.124 -0.126 -0.127 -0.129 -0.130 -0.132 -0.133 -0.134 -0.135 -0.137 -0.138 -0.139 -0.140 -0.141 -0.143 -0.144 -0.145 -0.147 -0.148 -0.149 -0.150 -0.152 -0.153 -0.154 -0.156 -0.157 -0.159 -0.160 -0.161 -0.162 -0.164 -0.165 -0.166 -0.167 -0.168 -0.169 -0.170 -0.171 -0.172 -0.174 -0.175 -0.176 -0.178 -0.179 -0.180 -0.181
-0.095 -0.096 -0.097 -0.097 -0.098 -0.099 -0.100 -0.101 -0.102 -0.103 -0.103 -0.104 -0.105 -0.106 -0.107 -0.108 -0.109 -0.110 -0.111 -0.112 -0.113 -0.114 -0.116 -0.117 -0.118 -0.119 -0.121 -0.122 -0.123 -0.125 -0.126 -0.128 -0.129 -0.130 -0.131 -0.133 -0.134 -0.135 -0.136 -0.137 -0.138 -0.140 -0.141 -0.142 -0.144 -0.145 -0.146 -0.147 -0.149 -0.150 -0.152 -0.153 -0.155 -0.156 -0.158 -0.159 -0.160 -0.162 -0.163 -0.164 -0.165 -0.166 -0.167 -0.169 -0.170 -0.171 -0.173 -0.174 -0.176 -0.177 -0.178 -0.179
-0.094 -0.094 -0.095 -0.096 -0.097 -0.097 -0.098 -0.099 -0.099 -0.100 -0.101 -0.102 -0.103 -0.103 -0.104 -0.105 -0.106 -0.107 -0.108 -0.109 -0.110 -0.111 -0.112 -0.113 -0.114 -0.115 -0.117 -0.118 -0.119 -0.121 -0.122 -0.124 -0.125 -0.126 -0.127 -0.128 -0.130 -0.131 -0.132 -0.133 -0.134 -0.135 -0.137 -0.138 -0.139 -0.140 -0.142 -0.143 -0.144 -0.146 -0.148 -0.149 -0.151 -0.152 -0.154 -0.155 -0.157 -0.158 -0.160 -0.161 -0.162 -0.163 -0.164 -0.166 -0.167 -0.169 -0.171 -0.172 -0.174 -0.175 -0.176 -0.177
-0.095 -0.096 -0.096 -0.097 -0.097 -0.098 -0.098 -0.099 -0.100 -0.100 -0.101 -0.101 -0.102 -0.103 -0.103 -0.104 -0.105 -0.105 -0.106 -0.107 -0.108 -0.109 -0.110 -0.111 -0.112 -0.113 -0.114 -0.116 -0.117 -0.119 -0.120 -0.121 -0.123 -0.124 -0.125 -0.127 -0.128 -0.129 -0.130 -0.131 -0.132 -0.133 -0.135 -0.136 -0.137 -0.138 -0.139 -0.140 -0.142 -0.143 -0.145 -0.146 -0.148 -0.149 -0.151 -0.152 -0.154 -0.155 -0.157 -0.158 -0.159 -0.160 -0.162 -0.163 -0.165 -0.166 -0.168 -0.170 -0.172 -0.173 -0.174 -0.175
-0.097 -0.097 -0.097 -0.098 -0.098 -0.098 -0.099 -0.099 -0.100 -0.100 -0.101 -0.101 -0.102 -0.102 -0.103 -0.103 -0.104 -0.104 -0.105 -0.105 -0.106 -0.107 -0.108 -0.109 -0.110 -0.111 -0.112 -0.114 -0.115 -0.117 -0.118 -0.119 -0.121 -0.122 -0.123 -0.125 -0.126 -0.127 -0.128 -0.129 -0.130 -0.131 -0.132 -0.133 -0.135 -0.136 -0.137 -0.138 -0.139 -0.140 -0.142 -0.143 -0.145 -0.146 -0.147 -0.149 -0.150 -0.152 -0.153 -0.155 -0.156 -0.157 -0.159 -0.160 -0.162 -0.164 -0.166 -0.167 -0.169 -0.170 -0.171 -0.172
-0.101 -0.101 -0.101 -0.101 -0.101 -0.101 -0.102 -0.102 -0.102 -0.103 -0.103 -0.103 -0.104 -0.104 -0.105 -0.105 -0.105 -0.106 -0.106 -0.106 -0.107 -0.108 -0.108 -0.109 -0.110 -0.111 -0.112 -0.113 -0.115 -0.116 -0.117 -0.119 -0.120 -0.122 -0.123 -0.124 -0.126 -0.127 -0.128 -0.129 -0.130 -0.131 -0.132 -0.133 -0.134 -0.135 -0.136 -0.138 -0.139 -0.140 -0.141 -0.142 -0.143 -0.144 -0.146 -0.147 -0.148 -0.149 -0.151 -0.152 -0.153 -0.155 -0.156 -0.158 -0.159 -0.161 -0.163 -0.165 -0.166 -0.167 -0.169 -0.170
-0.104 -0.104 -0.104 -0.104 -0.104 -0.104 -0.105 -0.105 -0.105 -0.105 -0.105 -0.106 -0.106 -0.106 -0.107 -0.107 -0.107 -0.107 -0.107 -0.107 -0.107 -0.108 -0.108 -0.109 -0.110 -0.111 -0.112 -0.113 -0.114 -0.116 -0.117 -0.118 -0.120 -0.121 -0.123 -0.124 -0.125 -0.127 -0.128 -0.129 -0.130 -0.131 -0.132 -0.133 -0.134 -0.135 -0.136 -0.137 -0.138 -0.139 -0.140 -0.141 -0.142 -0.143 -0.144 -0.145 -0.146 -0.147 -0.148 -0.149 -0.150 -0.152 -0.153 -0.155 -0.156 -0.158 -0.160 -0.162 -0.163 -0.165 -0.166 -0.167
-0.110 -0.110 -0.110 -0.110 -0.110 -0.110 -0.110 -0.110 -0.110 -0.110 -0.111 -0.111 -0.111 -0.111 -0.111 -0.111 -0.111 -0.111 -0.111 -0.111 -0.111 -0.111 -0.111 -0.111 -0.112 -0.112 -0.113 -0.114 -0.115 -0.116 -0.118 -0.119 -0.121 -0.122 -0.123 -0.125 -0.126 -0.127 -0.129 -0.130 -0.131 -0.132 -0.133 -0.134 -0.135 -0.136 -0.137 -0.138 -0.139 -0.139 -0.140 -0.141 -0.142 -0.142 -0.143 -0.144 -0.145 -0.146 -0.147 -0.148 -0.149 -0.150 -0.151 -0.153 -0.154 -0.156 -0.158 -0.159 -0.161 -0.162 -0.164 -0.165
-0.115 -0.115 -0.115 -0.115 -0.115 -0.115 -0.115 -0.115 -0.116 -0.116 -0.116 -0.116 -0.116 -0.116 -0.116 -0.116 -0.115 -0.115 -0.115 -0.114 -0.114 -0.114 -0.114 -0.114 -0.114 -0.114 -0.114 -0.115 -0.116 -0.117 -0.119 -0.120 -0.121 -0.123 -0.124 -0.126 -0.127 -0.128 -0.130 -0.131 -0.132 -0.133 -0.134 -0.135 -0.136 -0.137 -0.137 -0.138 -0.139 -0.140 -0.140 -0.141 -0.142 -0.142 -0.143 -0.144 -0.144 -0.145 -0.146 -0.146 -0.147 -0.148 -0.149 -0.150 -0.152 -0.154 -0.155 -0.157 -0.159 -0.160 -0.161 -0.162
-0.121 -0.121 -0.121 -0.121 -0.121 -0.121 -0.121 -0.122 -0.122 -0.122 -0.122 -0.122 -0.122 -0.122 -0.122 -0.121 -0.121 -0.121 -0.120 -0.120 -0.119 -0.119 -0.118 -0.118 -0.118 -0.118 -0.118 -0.118 -0.119 -0.120 -0.121 -0.122 -0.124 -0.125 -0.126 -0.127 -0.129 -0.130 -0.131 -0.132 -0.134 -0.135 -0.136 -0.136 -0.137 -0.138 -0.139 -0.139 -0.140 -0.140 -0.141 -0.141 -0.142 -0.142 -0.143 -0.143 -0.144 -0.145 -0.145 -0.146 -0.146 -0.147 -0.148 -0.149 -0.151 -0.152 -0.154 -0.155 -0.157 -0.158 -0.159 -0.160
-0.127 -0.127 -0.127 -0.127 -0.127 -0.127 -0.127 -0.128 -0.128 -0.128 -0.128 -0.128 -0.128 -0.128 -0.128 -0.127 -0.127 -0.126 -0.126 -0.125 -0.125 -0.124 -0.123 -0.122 -0.122 -0.122 -0.121 -0.121 -0.122 -0.123 -0.123 -0.124 -0.126 -0.127 -0.128 -0.129 -0.130 -0.132 -0.133 -0.134 -0.135 -0.136 -0.137 -0.138 -0.139 -0.139 -0.140 -0.140 -0.141 -0.141 -0.141 -0.142 -0.142 -0.142 -0.142 -0.143 -0.144 -0.144 -0.145 -0.145 -0.146 -0.146 -0.147 -0.148 -0.149 -0.151 -0.152 -0.153 -0.155 -0.156 -0.157 -0.158
-0.136 -0.135 -0.135 -0.135 -0.134 -0.135 -0.135 -0.135 -0.135 -0.135 -0.135 -0.134 -0.134 -0.134 -0.133 -0.133 -0.133 -0.132 -0.132 -0.131 -0.131 -0.130 -0.129 -0.128 -0.128 -0.127 -0.127 -0.127 -0.127 -0.127 -0.127 -0.128 -0.129 -0.130 -0.131 -0.132 -0.133 -0.134 -0.135 -0.136 -0.138 -0.139 -0.140 -0.140 -0.141 -0.141 -0.142 -0.142 -0.143 -0.143 -0.143 -0.143 -0.143 -0.143 -0.144 -0.144 -0.144 -0.145 -0.145 -0.146 -0.146 -0.147 -0.148 -0.149 -0.150 -0.151 -0.152 -0.153 -0.154 -0.155 -0.155 -0.156
-0.144 -0.143 -0.143 -0.142 -0.142 -0.142 -0.142 -0.142 -0.142 -0.142 -0.141 -0.141 -0.140 -0.140 -0.139 -0.139 -0.139 -0.138 -0.138 -0.137 -0.136 -0.136 -0.135 -0.134 -0.133 -0.133 -0.132 -0.132 -0.131 -0.131 -0.131 -0.132 -0.132 -0.133 -0.133 -0.134 -0.135 -0.136 -0.138 -0.139 -0.140 -0.141 -0.142 -0.142 -0.143 -0.143 -0.144 -0.144 -0.145 -0.145 -0.145 -0.145 -0.145 -0.145 -0.145 -0.145 -0.145 -0.145 -0.145 -0.146 -0.147 -0.148 -0.149 -0.149 -0.150 -0.151 -0.152 -0.152 -0.153 -0.153 -0.154 -0.155
-0.152 -0.151 -0.150 -0.150 -0.149 -0.149 -0.149 -0.149 -0.149 -0.149 -0.148 -0.148 -0.147 -0.146 -0.145 -0.145 -0.144 -0.143 -0.143 -0.142 -0.142 -0.141 -0.141 -0.140 -0.139 -0.138 -0.137 -0.137 -0.136 -0.136 -0.136 -0.137 -0.137 -0.137 -0.137 -0.138 -0.139 -0.140 -0.141 -0.142 -0.143 -0.144 -0.144 -0.145 -0.145 -0.146 -0.146 -0.146 -0.147 -0.147 -0.148 -0.148 -0.148 -0.148 -0.148 -0.148 -0.148 -0.148 -0.148 -0.148 -0.149 -0.149 -0.150 -0.151 -0.151 -0.152 -0.152 -0.153 -0.153 -0.154 -0.154 -0.154
-0.160 -0.159 -0.158 -0.157 -0.157 -0.157 -0.157 -0.157 -0.157 -0.156 -0.156 -0.155 -0.154 -0.153 -0.152 -0.151 -0.150 -0.149 -0.148 -0.148 -0.147 -0.147 -0.146 -0.145 -0.144 -0.143 -0.142 -0.142 -0.141 -0.141 -0.141 -0.141 -0.142 -0.142 -0.142 -0.142 -0.142 -0.143 -0.144 -0.145 -0.145 -0.146 -0.147 -0.147 -0.148 -0.148 -0.148 -0.149 -0.149 -0.149 -0.150 -0.150 -0.151 -0.151 -0.151 -0.151 -0.151 -0.150 -0.150 -0.151 -0.151 -0.151 -0.152 -0.152 -0.153 -0.153 -0.153 -0.153 -0.154 -0.154 -0.154 -0.154
-0.163 -0.161 -0.160 -0.160 -0.159 -0.159 -0.159 -0.159 -0.159 -0.159 -0.159 -0.158 -0.158 -0.157 -0.156 -0.156 -0.155 -0.154 -0.153 -0.153 -0.152 -0.151 -0.150 -0.149 -0.148 -0.147 -0.146 -0.145 -0.145 -0.145 -0.145 -0.145 -0.145 -0.145 -0.145 -0.146 -0.146 -0.146 -0.147 -0.147 -0.148 -0.148 -0.149 -0.149 -0.150 -0.150 -0.150 -0.150 -0.151 -0.151 -0.152 -0.152 -0.153 -0.153 -0.153 -0.153 -0.153 -0.152 -0.152 -0.153 -0.153 -0.153 -0.153 -0.154 -0.154 -0.154 -0.154 -0.155 -0.155 -0.155 -0.155 -0.155
-0.165 -0.164 -0.163 -0.162 -0.162 -0.162 -0.162 -0.162 -0.162 -0.162 -0.162 -0.162 -0.162 -0.161 -0.161 -0.161 -0.160 -0.159 -0.158 -0.157 -0.156 -0.155 -0.154 -0.153 -0.151 -0.150 -0.149 -0.148 -0.148 -0.148 -0.149 -0.149 -0.149 -0.149 -0.149 -0.149 -0.149 -0.149 -0.149 -0.150 -0.150 -0.151 -0.151 -0.151 -0.152 -0.152 -0.152 -0.152 -0.152 -0.153 -0.154 -0.154 -0.155 -0.155 -0.155 -0.155 -0.155 -0.155 -0.154 -0.154 -0.154 -0.155 -0.155 -0.155 -0.155 -0.155 -0.156 -0.156 -0.156 -0.156 -0.156 -0.156
-0.163 -0.163 -0.162 -0.162 -0.161 -0.161 -0.162 -0.162 -0.162 -0.162 -0.162 -0.162 -0.162 -0.161 -0.161 -0.161 -0.161 -0.161 -0.160 -0.160 -0.160 -0.159 -0.158 -0.157 -0.156 -0.154 -0.153 -0.152 -0.152 -0.152 -0.152 -0.152 -0.152 -0.151 -0.151 -0.152 -0.152 -0.152 -0.152 -0.152 -0.152 -0.153 -0.153 -0.153 -0.153 -0.153 -0.154 -0.154 -0.154 -0.155 -0.155 -0.156 -0.157 -0.157 -0.157 -0.157 -0.156 -0.156 -0.156 -0.156 -0.156 -0.156 -0.156 -0.156 -0.156 -0.156 -0.157 -0.157 -0.157 -0.157 -0.157 -0.157
-0.162 -0.162 -0.161 -0.161 -0.161 -0.161 -0.161 -0.161 -0.162 -0.162 -0.162 -0.162 -0.162 -0.162 -0.161 -0.162 -0.162 -0.162 -0.163 -0.163 -0.163 -0.162 -0.162 -0.161 -0.160 -0.159 -0.157 -0.156 -0.155 -0.155 -0.155 -0.154 -0.154 -0.154 -0.154 -0.154 -0.154 -0.154 -0.154 -0.154 -0.154 -0.154 -0.154 -0.155 -0.155 -0.155 -0.155 -0.156 -0.156 -0.157 -0.157 -0.158 -0.159 -0.159 -0.159 -0.158 -0.158 -0.158 -0.157 -0.157 -0.157 -0.157 -0.157 -0.157 -0.157 -0.157 -0.157 -0.158 -0.158 -0.158 -0.158 -0.158
-0.157 -0.158 -0.158 -0.159 -0.159 -0.159 -0.159 -0.159 -0.159 -0.159 -0.159 -0.159 -0.159 -0.159 -0.159 -0.159 -0.159 -0.160 -0.161 -0.161 -0.162 -0.162 -0.163 -0.162 -0.162 -0.161 -0.160 -0.159 -0.158 -0.157 -0.157 -0.156 -0.156 -0.155 -0.155 -0.155 -0.156 -0.156 -0.156 -0.156 -0.155 -0.155 -0.155 -0.155 -0.156 -0.156 -0.156 -0.157 -0.157 -0.158 -0.159 -0.160 -0.160 -0.160 -0.160 -0.160 -0.160 -0.159 -0.159 -0.159 -0.158 -0.158 -0.158 -0.158 -0.158 -0.159 -0.159 -0.159 -0.159 -0.159 -0.159 -0.159
