211007T114448_210824T225103_210726_sos_CMIP6_ssp126_2071_2101_diff-0p5deg.txt
ncols 719
nrows 359
xllcorner 0.0
yllcorner 89.5
cellsize -0.5
NODATA_value -99999
[rows 96 to 127 of 359, columns 432 to 503 of 719]
-0.070 -0.072 -0.074 -0.076 -0.079 -0.081 -0.083 -0.086 -0.089 -0.091 -0.093 -0.096 -0.099 -0.101 -0.104 -0.106 -0.109 -0.113 -0.117 -0.121 -0.126 -0.133 -0.139 -0.146 -0.154 -0.162 -0.171 -0.174 -0.177 -0.171 -0.166 -0.152 -0.139 -0.120 -0.102 -0.084 -0.066 -0.050 -0.035 -99999 -99999 -99999 -99999 -99999 -99999 -99999 -99999 -99999 -99999 -99999 -99999 -99999 -99999 -99999 -99999 -99999 -99999 -99999 -99999 -99999 -99999 -99999 -99999 -99999 -99999 -99999 -99999 -99999 -99999 -99999 -99999 -99999
-0.069 -0.072 -0.074 -0.076 -0.079 -0.082 -0.084 -0.087 -0.091 -0.093 -0.096 -0.099 -0.102 -0.104 -0.107 -0.110 -0.113 -0.116 -0.120 -0.125 -0.130 -0.136 -0.142 -0.149 -0.156 -0.163 -0.170 -0.172 -0.174 -0.168 -0.162 -0.150 -0.139 -0.123 -0.108 -0.093 -0.078 -0.056 -0.033 -99999 -99999 -99999 -99999 -99999 -99999 -99999 -99999 -99999 -99999 -99999 -99999 -99999 -99999 -99999 -99999 -99999 -99999 -99999 -99999 -99999 -99999 -99999 -99999 -99999 -99999 -99999 -99999 -99999 -99999 -99999 -99999 -99999
-0.069 -0.071 -0.074 -0.077 -0.079 -0.082 -0.086 -0.089 -0.092 -0.095 -0.099 -0.102 -0.105 -0.108 -0.111 -0.114 -0.116 -0.120 -0.123 -0.128 -0.133 -0.139 -0.144 -0.151 -0.158 -0.164 -0.169 -0.170 -0.170 -0.164 -0.158 -0.148 -0.138 -0.126 -0.114 -0.102 -0.091 -0.061 -0.032 -99999 -99999 -99999 -99999 -99999 -99999 -99999 -99999 -99999 -99999 -99999 -99999 -99999 -99999 -99999 -99999 -99999 -99999 -99999 -99999 -99999 -99999 -99999 -99999 -99999 -99999 -99999 -99999 -99999 -99999 -99999 -99999 -99999
-0.070 -0.073 -0.076 -0.079 -0.082 -0.085 -0.089 -0.092 -0.096 -0.099 -0.102 -0.106 -0.109 -0.112 -0.115 -0.118 -0.120 -0.124 -0.127 -0.132 -0.136 -0.141 -0.146 -0.152 -0.159 -0.163 -0.168 -0.168 -0.168 -0.161 -0.155 -0.147 -0.139 -0.129 -0.118 -0.109 -0.099 -0.074 -0.050 -99999 -99999 -99999 -99999 -99999 -99999 -99999 -99999 -99999 -99999 -99999 -99999 -99999 -99999 -99999 -99999 -99999 -99999 -99999 -99999 -99999 -99999 -99999 -99999 -99999 -99999 -99999 -99999 -99999 -99999 -99999 -99999 -99999
-0.072 -0.075 -0.078 -0.081 -0.084 -0.088 -0.092 -0.096 -0.099 -0.103 -0.106 -0.110 -0.114 -0.116 -0.119 -0.122 -0.124 -0.127 -0.130 -0.135 -0.140 -0.144 -0.149 -0.154 -0.159 -0.163 -0.166 -0.166 -0.165 -0.159 -0.153 -0.146 -0.139 -0.131 -0.123 -0.115 -0.106 -0.087 -0.068 -99999 -99999 -99999 -99999 -99999 -99999 -99999 -99999 -99999 -99999 -99999 -99999 -99999 -99999 -99999 -99999 -99999 -99999 -99999 -99999 -99999 -99999 -99999 -99999 -99999 -99999 -99999 -99999 -99999 -99999 -99999 -99999 -99999
-0.076 -0.080 -0.083 -0.086 -0.090 -0.094 -0.098 -0.102 -0.106 -0.109 -0.112 -0.116 -0.119 -0.122 -0.124 -0.127 -0.129 -0.132 -0.135 -0.140 -0.144 -0.147 -0.151 -0.155 -0.159 -0.162 -0.165 -0.164 -0.163 -0.158 -0.152 -0.146 -0.141 -0.132 -0.124 -0.116 -0.108 -0.101 -0.095 -99999 -99999 -99999 -99999 -99999 -99999 -99999 -99999 -99999 -99999 -99999 -99999 -99999 -99999 -99999 -99999 -99999 -99999 -99999 -99999 -99999 -99999 -99999 -99999 -99999 -99999 -99999 -99999 -99999 -99999 -99999 -99999 -99999
-0.081 -0.084 -0.088 -0.092 -0.096 -0.100 -0.104 -0.108 -0.112 -0.115 -0.118 -0.121 -0.124 -0.127 -0.129 -0.132 -0.134 -0.137 -0.141 -0.144 -0.147 -0.151 -0.154 -0.157 -0.160 -0.162 -0.164 -0.163 -0.162 -0.157 -0.151 -0.147 -0.142 -0.134 -0.126 -0.117 -0.109 -0.116 -0.123 -0.115 -0.108 -99999 -99999 -99999 -99999 -99999 -99999 -99999 -99999 -99999 -99999 -99999 -99999 -99999 -99999 -99999 -99999 -99999 -99999 -99999 -99999 -99999 -99999 -99999 -99999 -99999 -99999 -99999 -99999 -99999 -99999 -99999
-0.088 -0.092 -0.095 -0.099 -0.103 -0.107 -0.111 -0.115 -0.119 -0.122 -0.125 -0.128 -0.131 -0.132 -0.134 -0.137 -0.139 -0.143 -0.146 -0.149 -0.152 -0.154 -0.157 -0.159 -0.161 -0.163 -0.164 -0.163 -0.161 -0.157 -0.152 -0.148 -0.145 -0.137 -0.130 -0.124 -0.118 -0.123 -0.127 -0.134 -0.141 -99999 -99999 -99999 -99999 -99999 -99999 -99999 -99999 -99999 -99999 -99999 -99999 -99999 -99999 -99999 -99999 -99999 -99999 -99999 -99999 -99999 -99999 -99999 -99999 -99999 -99999 -99999 -99999 -99999 -99999 -99999
-0.096 -0.099 -0.103 -0.107 -0.110 -0.115 -0.119 -0.123 -0.127 -0.129 -0.132 -0.134 -0.137 -0.138 -0.139 -0.142 -0.145 -0.148 -0.151 -0.154 -0.156 -0.158 -0.160 -0.161 -0.163 -0.163 -0.164 -0.162 -0.161 -0.157 -0.153 -0.150 -0.147 -0.140 -0.133 -0.131 -0.128 -0.130 -0.131 -0.153 -0.174 -0.145 -0.115 -99999 -99999 -99999 -99999 -99999 -99999 -99999 -99999 -99999 -99999 -99999 -99999 -99999 -99999 -99999 -99999 -99999 -99999 -99999 -99999 -99999 -99999 -99999 -99999 -99999 -99999 -99999 -99999 -99999
-0.105 -0.108 -0.111 -0.115 -0.119 -0.123 -0.127 -0.131 -0.135 -0.138 -0.140 -0.142 -0.144 -0.146 -0.147 -0.149 -0.152 -0.154 -0.157 -0.159 -0.161 -0.162 -0.163 -0.164 -0.164 -0.164 -0.164 -0.162 -0.160 -0.157 -0.154 -0.152 -0.149 -0.143 -0.136 -0.134 -0.131 -0.130 -0.130 -0.139 -0.149 -0.142 -0.134 -99999 -99999 -99999 -99999 -99999 -99999 -99999 -99999 -99999 -99999 -99999 -99999 -99999 -99999 -99999 -99999 -99999 -99999 -99999 -99999 -99999 -99999 -99999 -99999 -99999 -99999 -99999 -99999 -99999
-0.113 -0.117 -0.120 -0.124 -0.127 -0.131 -0.135 -0.139 -0.143 -0.146 -0.149 -0.150 -0.152 -0.153 -0.154 -0.156 -0.158 -0.160 -0.162 -0.164 -0.166 -0.167 -0.167 -0.167 -0.166 -0.165 -0.164 -0.162 -0.160 -0.157 -0.155 -0.153 -0.151 -0.145 -0.140 -0.136 -0.133 -0.131 -0.129 -0.126 -0.124 -0.139 -0.154 -99999 -99999 -99999 -99999 -99999 -99999 -99999 -99999 -99999 -99999 -99999 -99999 -99999 -99999 -99999 -99999 -99999 -99999 -99999 -99999 -99999 -99999 -99999 -99999 -99999 -99999 -99999 -99999 -99999
-0.121 -0.125 -0.128 -0.131 -0.135 -0.138 -0.142 -0.146 -0.150 -0.153 -0.155 -0.157 -0.160 -0.161 -0.161 -0.163 -0.165 -0.166 -0.167 -0.169 -0.171 -0.170 -0.169 -0.168 -0.167 -0.165 -0.164 -0.162 -0.160 -0.158 -0.155 -0.154 -0.152 -0.147 -0.141 -0.138 -0.136 -0.133 -0.130 -0.124 -0.119 -0.133 -0.148 -99999 -99999 -99999 -99999 -99999 -99999 -99999 -99999 -99999 -99999 -99999 -99999 -99999 -99999 -99999 -99999 -99999 -99999 -99999 -99999 -99999 -99999 -99999 -99999 -99999 -99999 -99999 -99999 -99999
-0.129 -0.132 -0.136 -0.139 -0.142 -0.146 -0.149 -0.153 -0.156 -0.159 -0.162 -0.164 -0.167 -0.168 -0.169 -0.171 -0.172 -0.172 -0.173 -0.174 -0.175 -0.173 -0.171 -0.169 -0.168 -0.165 -0.163 -0.161 -0.159 -0.158 -0.156 -0.154 -0.153 -0.148 -0.143 -0.140 -0.138 -0.135 -0.131 -0.122 -0.114 -0.128 -0.142 -0.125 -0.108 -99999 -99999 -99999 -99999 -99999 -99999 -99999 -99999 -99999 -99999 -99999 -99999 -99999 -99999 -99999 -99999 -99999 -99999 -99999 -99999 -99999 -99999 -99999 -99999 -99999 -99999 -99999
-0.135 -0.138 -0.141 -0.144 -0.147 -0.151 -0.154 -0.157 -0.161 -0.164 -0.167 -0.170 -0.172 -0.173 -0.175 -0.176 -0.177 -0.177 -0.177 -0.177 -0.178 -0.175 -0.173 -0.171 -0.168 -0.165 -0.163 -0.161 -0.159 -0.158 -0.156 -0.155 -0.153 -0.149 -0.144 -0.143 -0.141 -0.138 -0.135 -0.128 -0.121 -0.130 -0.138 -0.136 -0.133 -99999 -99999 -99999 -99999 -99999 -99999 -99999 -99999 -99999 -99999 -99999 -99999 -99999 -99999 -99999 -99999 -99999 -99999 -99999 -99999 -99999 -99999 -99999 -99999 -99999 -99999 -99999
-0.141 -0.143 -0.146 -0.149 -0.153 -0.156 -0.159 -0.162 -0.165 -0.169 -0.172 -0.175 -0.178 -0.179 -0.180 -0.181 -0.183 -0.182 -0.181 -0.181 -0.181 -0.178 -0.175 -0.172 -0.168 -0.165 -0.163 -0.161 -0.159 -0.158 -0.156 -0.155 -0.153 -0.149 -0.146 -0.145 -0.144 -0.141 -0.139 -0.134 -0.129 -0.131 -0.133 -0.146 -0.159 -0.161 -0.163 -99999 -99999 -99999 -99999 -99999 -99999 -99999 -99999 -99999 -99999 -99999 -99999 -99999 -99999 -99999 -99999 -99999 -99999 -99999 -99999 -99999 -99999 -99999 -99999 -99999
-0.143 -0.145 -0.148 -0.150 -0.153 -0.156 -0.159 -0.162 -0.165 -0.169 -0.172 -0.176 -0.179 -0.180 -0.182 -0.183 -0.184 -0.183 -0.183 -0.182 -0.181 -0.178 -0.175 -0.172 -0.168 -0.165 -0.161 -0.160 -0.158 -0.157 -0.156 -0.154 -0.152 -0.149 -0.146 -0.145 -0.144 -0.142 -0.140 -0.135 -0.129 -0.131 -0.132 -0.144 -0.156 -0.168 -0.180 -99999 -99999 -99999 -99999 -99999 -99999 -99999 -99999 -99999 -99999 -99999 -99999 -99999 -99999 -99999 -99999 -99999 -99999 -99999 -99999 -99999 -99999 -99999 -99999 -99999
-0.145 -0.147 -0.149 -0.152 -0.154 -0.156 -0.159 -0.162 -0.165 -0.169 -0.173 -0.177 -0.180 -0.182 -0.183 -0.184 -0.186 -0.185 -0.184 -0.183 -0.182 -0.179 -0.176 -0.172 -0.168 -0.164 -0.160 -0.158 -0.156 -0.155 -0.155 -0.153 -0.152 -0.149 -0.147 -0.146 -0.145 -0.143 -0.141 -0.135 -0.130 -0.130 -0.130 -0.142 -0.153 -0.175 -0.197 -0.192 -0.187 -0.152 -0.116 -99999 -99999 -99999 -99999 -99999 -99999 -99999 -99999 -99999 -99999 -99999 -99999 -99999 -99999 -99999 -99999 -99999 -99999 -99999 -99999 -99999
-0.144 -0.146 -0.148 -0.150 -0.151 -0.153 -0.155 -0.159 -0.162 -0.165 -0.169 -0.172 -0.175 -0.177 -0.179 -0.181 -0.182 -0.182 -0.181 -0.180 -0.179 -0.176 -0.172 -0.169 -0.165 -0.161 -0.157 -0.155 -0.153 -0.152 -0.151 -0.149 -0.148 -0.146 -0.144 -0.143 -0.143 -0.141 -0.140 -0.136 -0.132 -0.132 -0.133 -0.142 -0.150 -0.167 -0.183 -0.181 -0.178 -0.160 -0.142 -99999 -99999 -99999 -99999 -99999 -99999 -99999 -99999 -99999 -99999 -99999 -99999 -99999 -99999 -99999 -99999 -99999 -99999 -99999 -99999 -99999
-0.144 -0.145 -0.146 -0.148 -0.149 -0.151 -0.152 -0.155 -0.158 -0.161 -0.164 -0.168 -0.171 -0.173 -0.175 -0.177 -0.178 -0.178 -0.178 -0.177 -0.176 -0.173 -0.169 -0.165 -0.161 -0.158 -0.154 -0.152 -0.150 -0.148 -0.147 -0.146 -0.144 -0.143 -0.141 -0.141 -0.141 -0.140 -0.138 -0.136 -0.133 -0.135 -0.137 -0.142 -0.147 -0.159 -0.170 -0.170 -0.170 -0.168 -0.167 -0.131 -0.095 -99999 -99999 -99999 -99999 -99999 -99999 -99999 -99999 -99999 -99999 -99999 -99999 -99999 -99999 -99999 -99999 -99999 -99999 -99999
-0.140 -0.141 -0.142 -0.143 -0.144 -0.146 -0.148 -0.150 -0.153 -0.155 -0.158 -0.161 -0.164 -0.166 -0.168 -0.169 -0.171 -0.171 -0.170 -0.170 -0.169 -0.166 -0.163 -0.159 -0.156 -0.153 -0.149 -0.147 -0.144 -0.143 -0.141 -0.140 -0.139 -0.138 -0.136 -0.136 -0.136 -0.136 -0.136 -0.134 -0.132 -0.133 -0.135 -0.139 -0.143 -0.152 -0.160 -0.161 -0.163 -0.161 -0.159 -0.126 -0.093 -99999 -99999 -99999 -99999 -99999 -99999 -99999 -99999 -99999 -99999 -99999 -99999 -99999 -99999 -99999 -99999 -99999 -99999 -99999
-0.136 -0.137 -0.138 -0.139 -0.140 -0.142 -0.144 -0.146 -0.148 -0.150 -0.151 -0.154 -0.157 -0.159 -0.161 -0.162 -0.164 -0.163 -0.163 -0.163 -0.162 -0.159 -0.156 -0.153 -0.150 -0.148 -0.145 -0.142 -0.139 -0.137 -0.135 -0.134 -0.134 -0.133 -0.132 -0.132 -0.132 -0.132 -0.133 -0.132 -0.131 -0.132 -0.133 -0.136 -0.139 -0.145 -0.150 -0.153 -0.156 -0.154 -0.151 -0.121 -0.091 -99999 -99999 -99999 -99999 -99999 -99999 -99999 -99999 -99999 -99999 -99999 -99999 -99999 -99999 -99999 -99999 -99999 -99999 -99999
-0.130 -0.131 -0.133 -0.133 -0.134 -0.136 -0.138 -0.139 -0.141 -0.143 -0.145 -0.148 -0.150 -0.152 -0.154 -0.155 -0.156 -0.156 -0.156 -0.155 -0.155 -0.152 -0.150 -0.147 -0.145 -0.142 -0.139 -0.137 -0.134 -0.131 -0.129 -0.128 -0.126 -0.125 -0.124 -0.123 -0.123 -0.123 -0.124 -0.124 -0.124 -0.125 -0.127 -0.130 -0.133 -0.138 -0.142 -0.145 -0.148 -0.146 -0.145 -0.131 -0.116 -99999 -99999 -99999 -99999 -99999 -99999 -99999 -99999 -99999 -99999 -99999 -99999 -99999 -99999 -99999 -99999 -99999 -99999 -99999
-0.125 -0.126 -0.127 -0.128 -0.129 -0.130 -0.132 -0.133 -0.135 -0.137 -0.139 -0.141 -0.143 -0.145 -0.147 -0.148 -0.149 -0.148 -0.148 -0.147 -0.147 -0.145 -0.143 -0.142 -0.140 -0.137 -0.134 -0.131 -0.129 -0.126 -0.123 -0.121 -0.118 -0.117 -0.115 -0.115 -0.114 -0.115 -0.115 -0.116 -0.116 -0.119 -0.121 -0.124 -0.126 -0.131 -0.135 -0.137 -0.139 -0.139 -0.139 -0.140 -0.142 -0.113 -0.083 -99999 -99999 -99999 -99999 -99999 -99999 -99999 -99999 -99999 -99999 -99999 -99999 -99999 -99999 -99999 -99999 -99999
-0.118 -0.119 -0.120 -0.121 -0.123 -0.123 -0.124 -0.126 -0.127 -0.130 -0.133 -0.135 -0.137 -0.139 -0.140 -0.141 -0.142 -0.141 -0.141 -0.140 -0.140 -0.138 -0.137 -0.135 -0.134 -0.131 -0.128 -0.126 -0.123 -0.120 -0.118 -0.115 -0.112 -0.110 -0.108 -0.107 -0.106 -0.106 -0.107 -0.108 -0.109 -0.112 -0.115 -0.118 -0.121 -0.126 -0.130 -0.133 -0.136 -0.134 -0.133 -0.133 -0.132 -0.120 -0.107 -99999 -99999 -99999 -99999 -99999 -99999 -99999 -99999 -99999 -99999 -99999 -99999 -99999 -99999 -99999 -99999 -99999
-0.112 -0.113 -0.114 -0.115 -0.116 -0.116 -0.117 -0.118 -0.120 -0.123 -0.127 -0.129 -0.131 -0.132 -0.133 -0.134 -0.134 -0.134 -0.133 -0.133 -0.133 -0.131 -0.130 -0.129 -0.127 -0.125 -0.122 -0.120 -0.117 -0.115 -0.112 -0.109 -0.106 -0.103 -0.100 -0.099 -0.098 -0.098 -0.099 -0.101 -0.103 -0.106 -0.109 -0.113 -0.117 -0.121 -0.125 -0.129 -0.132 -0.130 -0.127 -0.125 -0.123 -0.127 -0.131 -0.088 -0.045 -99999 -99999 -99999 -99999 -99999 -99999 -99999 -99999 -99999 -99999 -99999 -99999 -99999 -99999 -99999
-0.105 -0.106 -0.107 -0.108 -0.109 -0.109 -0.110 -0.112 -0.114 -0.117 -0.120 -0.122 -0.125 -0.126 -0.127 -0.127 -0.127 -0.126 -0.125 -0.125 -0.124 -0.124 -0.123 -0.121 -0.120 -0.118 -0.115 -0.114 -0.112 -0.109 -0.107 -0.104 -0.101 -0.098 -0.096 -0.094 -0.092 -0.092 -0.093 -0.094 -0.096 -0.100 -0.103 -0.107 -0.111 -0.116 -0.121 -0.125 -0.128 -0.127 -0.125 -0.122 -0.120 -0.121 -0.123 -0.095 -0.068 -99999 -99999 -99999 -99999 -99999 -99999 -99999 -99999 -99999 -99999 -99999 -99999 -99999 -99999 -99999
-0.099 -0.099 -0.100 -0.100 -0.101 -0.102 -0.103 -0.105 -0.107 -0.110 -0.113 -0.116 -0.119 -0.120 -0.121 -0.120 -0.119 -0.118 -0.117 -0.117 -0.116 -0.116 -0.116 -0.114 -0.112 -0.110 -0.109 -0.107 -0.106 -0.104 -0.102 -0.099 -0.096 -0.094 -0.091 -0.089 -0.087 -0.086 -0.086 -0.088 -0.090 -0.093 -0.097 -0.102 -0.106 -0.112 -0.118 -0.121 -0.125 -0.124 -0.123 -0.119 -0.116 -0.115 -0.114 -0.102 -0.090 -99999 -99999 -99999 -99999 -99999 -99999 -99999 -99999 -99999 -99999 -99999 -99999 -99999 -99999 -99999
-0.091 -0.092 -0.092 -0.093 -0.094 -0.096 -0.097 -0.099 -0.102 -0.105 -0.108 -0.110 -0.113 -0.114 -0.115 -0.114 -0.114 -0.113 -0.111 -0.111 -0.110 -0.109 -0.108 -0.107 -0.106 -0.104 -0.103 -0.102 -0.100 -0.099 -0.097 -0.094 -0.091 -0.088 -0.085 -0.083 -0.081 -0.081 -0.081 -0.083 -0.085 -0.088 -0.092 -0.097 -0.102 -0.108 -0.115 -0.118 -0.122 -0.121 -0.120 -0.117 -0.114 -0.114 -0.115 -0.109 -0.104 -99999 -99999 -99999 -99999 -99999 -99999 -99999 -99999 -99999 -99999 -99999 -99999 -99999 -99999 -99999
-0.084 -0.085 -0.085 -0.086 -0.088 -0.089 -0.091 -0.094 -0.096 -0.099 -0.102 -0.105 -0.107 -0.108 -0.110 -0.109 -0.108 -0.107 -0.106 -0.104 -0.103 -0.102 -0.101 -0.100 -0.099 -0.098 -0.097 -0.096 -0.095 -0.093 -0.091 -0.088 -0.085 -0.082 -0.080 -0.078 -0.076 -0.076 -0.076 -0.078 -0.080 -0.083 -0.086 -0.092 -0.098 -0.105 -0.112 -0.115 -0.119 -0.118 -0.117 -0.114 -0.111 -0.113 -0.115 -0.116 -0.117 -0.041 0.035 -99999 -99999 -99999 -99999 -99999 -99999 0.732 0.682 -99999 -99999 -99999 -99999 -99999
-0.078 -0.079 -0.080 -0.081 -0.082 -0.084 -0.086 -0.088 -0.091 -0.093 -0.096 -0.098 -0.100 -0.102 -0.103 -0.103 -0.102 -0.101 -0.100 -0.098 -0.097 -0.095 -0.094 -0.093 -0.092 -0.091 -0.090 -0.089 -0.087 -0.086 -0.084 -0.081 -0.078 -0.076 -0.074 -0.073 -0.071 -0.071 -0.071 -0.074 -0.076 -0.080 -0.084 -0.090 -0.097 -0.104 -0.111 -0.114 -0.117 -0.116 -0.115 -0.113 -0.111 -0.111 -0.112 -0.109 -0.107 -0.048 0.010 -99999 -99999 -99999 -99999 -99999 -99999 0.872 0.740 -99999 -99999 -99999 -99999 -99999
-0.073 -0.074 -0.075 -0.076 -0.077 -0.079 -0.080 -0.083 -0.085 -0.087 -0.090 -0.092 -0.094 -0.095 -0.097 -0.096 -0.096 -0.095 -0.094 -0.092 -0.090 -0.088 -0.086 -0.086 -0.085 -0.085 -0.084 -0.082 -0.080 -0.078 -0.076 -0.074 -0.072 -0.070 -0.069 -0.068 -0.067 -0.067 -0.067 -0.069 -0.072 -0.076 -0.081 -0.088 -0.095 -0.102 -0.109 -0.112 -0.114 -0.114 -0.113 -0.112 -0.110 -0.109 -0.108 -0.102 -0.097 -0.056 -0.015 0.008 0.030 -99999 -99999 -99999 -99999 -99999 -99999 0.940 1.083 -99999 -99999 -99999
-0.068 -0.070 -0.071 -0.072 -0.073 -0.074 -0.075 -0.077 -0.079 -0.082 -0.084 -0.086 -0.088 -0.089 -0.090 -0.090 -0.089 -0.088 -0.087 -0.085 -0.083 -0.081 -0.079 -0.078 -0.077 -0.076 -0.075 -0.074 -0.072 -0.070 -0.068 -0.066 -0.064 -0.063 -0.062 -0.061 -0.060 -0.061 -0.062 -0.065 -0.068 -0.074 -0.079 -0.086 -0.094 -0.101 -0.108 -0.110 -0.113 -0.113 -0.112 -0.110 -0.108 -0.104 -0.100 -0.094 -0.087 -0.062 -0.038 -0.026 -0.014 -99999 -99999 -99999 -99999 -99999 -99999 0.737 0.692 -99999 -99999 -99999
