211007T114700_210824T225103_210726_sos_CMIP6_ssp585_2071_2101_diff-0p5deg.txt
ncols 719
nrows 359
xllcorner 0.0
yllcorner 89.5
cellsize -0.5
NODATA_value -99999
[rows 128 to 159 of 359, columns 216 to 287 of 719]
-99999 -99999 -99999 -99999 -99999 -99999 -99999 -99999 -99999 -99999 -99999 -99999 -99999 -99999 -99999 -99999 -99999 -99999 -99999 -99999 -99999 -99999 -99999 -99999 -99999 -99999 -99999 -99999 -99999 -0.382 -0.391 -0.391 -0.391 -0.388 -0.385 -0.374 -0.364 -0.345 -0.325 -0.313 -0.302 -0.299 -0.297 -0.295 -0.293 -0.289 -0.285 -0.283 -0.280 -0.280 -0.279 -0.277 -0.276 -0.274 -0.273 -0.271 -0.270 -0.267 -0.265 -0.263 -0.261 -0.259 -0.257 -0.255 -0.253 -0.251 -0.249 -0.248 -0.246 -0.245 -0.244 -0.243
-99999 -99999 -99999 -99999 -99999 -99999 -99999 -99999 -99999 -99999 -99999 -99999 -99999 -99999 -99999 -99999 -99999 -99999 -99999 -99999 -99999 -99999 -99999 -99999 -99999 -99999 -99999 -99999 -99999 -0.389 -0.397 -0.395 -0.392 -0.385 -0.377 -0.367 -0.357 -0.341 -0.324 -0.315 -0.305 -0.303 -0.301 -0.299 -0.296 -0.294 -0.292 -0.290 -0.289 -0.288 -0.288 -0.287 -0.286 -0.285 -0.284 -0.283 -0.281 -0.279 -0.277 -0.275 -0.273 -0.271 -0.268 -0.266 -0.264 -0.261 -0.259 -0.258 -0.257 -0.255 -0.254 -0.253
-99999 -99999 -99999 -99999 -99999 -99999 -99999 -99999 -99999 -99999 -99999 -99999 -99999 -99999 -99999 -99999 -99999 -99999 -99999 -99999 -99999 -99999 -99999 -99999 -99999 -99999 -99999 -99999 -99999 -0.395 -0.404 -0.399 -0.394 -0.381 -0.369 -0.360 -0.351 -0.337 -0.323 -0.316 -0.309 -0.307 -0.305 -0.302 -0.300 -0.299 -0.298 -0.297 -0.297 -0.297 -0.297 -0.296 -0.296 -0.295 -0.295 -0.294 -0.293 -0.291 -0.289 -0.287 -0.285 -0.282 -0.280 -0.277 -0.274 -0.272 -0.270 -0.268 -0.267 -0.265 -0.264 -0.263
-99999 -99999 -99999 -99999 -99999 -99999 -99999 -99999 -99999 -99999 -99999 -99999 -99999 -99999 -99999 -99999 -99999 -99999 -99999 -99999 -99999 -99999 -99999 -99999 -99999 -99999 -99999 -99999 -99999 -0.405 -0.412 -0.403 -0.394 -0.378 -0.361 -0.357 -0.353 -0.343 -0.333 -0.328 -0.322 -0.320 -0.317 -0.316 -0.314 -0.313 -0.312 -0.312 -0.312 -0.312 -0.312 -0.311 -0.311 -0.311 -0.311 -0.310 -0.309 -0.307 -0.305 -0.303 -0.300 -0.298 -0.295 -0.292 -0.290 -0.288 -0.285 -0.284 -0.282 -0.280 -0.279 -0.278
-99999 -99999 -99999 -99999 -99999 -99999 -99999 -99999 -99999 -99999 -99999 -99999 -99999 -99999 -99999 -99999 -99999 -99999 -99999 -99999 -99999 -99999 -99999 -99999 -99999 -99999 -99999 -0.237 -0.407 -0.414 -0.421 -0.407 -0.394 -0.374 -0.354 -0.355 -0.355 -0.349 -0.343 -0.339 -0.336 -0.333 -0.330 -0.329 -0.327 -0.327 -0.327 -0.327 -0.326 -0.326 -0.326 -0.327 -0.327 -0.327 -0.327 -0.326 -0.325 -0.323 -0.321 -0.319 -0.316 -0.313 -0.310 -0.308 -0.305 -0.303 -0.301 -0.299 -0.297 -0.296 -0.294 -0.293
-99999 -99999 -99999 -99999 -99999 -99999 -99999 -99999 -99999 -99999 -99999 -99999 -99999 -99999 -99999 -99999 -99999 -99999 -99999 -99999 -99999 -99999 -99999 -99999 -99999 -99999 -99999 -0.312 -0.422 -0.424 -0.427 -0.414 -0.402 -0.385 -0.367 -0.369 -0.370 -0.365 -0.359 -0.356 -0.353 -0.351 -0.349 -0.348 -0.346 -0.346 -0.346 -0.346 -0.346 -0.346 -0.347 -0.347 -0.347 -0.347 -0.347 -0.346 -0.345 -0.343 -0.341 -0.339 -0.336 -0.334 -0.331 -0.328 -0.326 -0.324 -0.321 -0.320 -0.318 -0.316 -0.314 -0.313
-99999 -99999 -99999 -99999 -99999 -99999 -99999 -99999 -99999 -99999 -99999 -99999 -99999 -99999 -99999 -99999 -99999 -99999 -99999 -99999 -99999 -99999 -99999 -99999 -99999 -99999 -99999 -99999 -99999 -0.435 -0.432 -0.421 -0.410 -0.395 -0.380 -0.383 -0.386 -0.380 -0.374 -0.373 -0.371 -0.369 -0.367 -0.366 -0.366 -0.365 -0.365 -0.365 -0.366 -0.366 -0.367 -0.367 -0.367 -0.367 -0.367 -0.366 -0.365 -0.363 -0.361 -0.359 -0.356 -0.354 -0.351 -0.349 -0.346 -0.344 -0.342 -0.340 -0.338 -0.336 -0.334 -0.333
-99999 -99999 -99999 -99999 -99999 -99999 -99999 -99999 -99999 -99999 -99999 -99999 -99999 -99999 -99999 -99999 -99999 -99999 -99999 -99999 -99999 -99999 -99999 -99999 -99999 -99999 -99999 -99999 -99999 -0.445 -0.439 -0.431 -0.423 -0.410 -0.398 -0.400 -0.402 -0.398 -0.393 -0.391 -0.390 -0.389 -0.388 -0.387 -0.387 -0.387 -0.386 -0.387 -0.388 -0.388 -0.388 -0.388 -0.389 -0.388 -0.388 -0.387 -0.386 -0.384 -0.382 -0.380 -0.377 -0.375 -0.373 -0.370 -0.368 -0.366 -0.364 -0.362 -0.360 -0.358 -0.356 -0.355
-99999 -99999 -99999 -99999 -99999 -99999 -99999 -99999 -99999 -99999 -99999 -99999 -99999 -99999 -99999 -99999 -99999 -99999 -99999 -99999 -99999 -99999 -99999 -99999 -99999 -99999 -99999 -99999 -99999 -0.456 -0.446 -0.441 -0.435 -0.425 -0.415 -0.417 -0.419 -0.415 -0.411 -0.410 -0.410 -0.409 -0.408 -0.408 -0.408 -0.408 -0.408 -0.408 -0.409 -0.410 -0.410 -0.410 -0.410 -0.409 -0.409 -0.407 -0.406 -0.404 -0.403 -0.401 -0.398 -0.396 -0.394 -0.392 -0.390 -0.388 -0.386 -0.384 -0.382 -0.380 -0.378 -0.377
-99999 -99999 -99999 -99999 -99999 -99999 -99999 -99999 -99999 -99999 -99999 -99999 -99999 -99999 -99999 -99999 -99999 -99999 -99999 -99999 -99999 -99999 -99999 -99999 -99999 -99999 -99999 -99999 -99999 -0.475 -0.463 -0.458 -0.453 -0.444 -0.434 -0.435 -0.436 -0.433 -0.430 -0.430 -0.430 -0.430 -0.430 -0.430 -0.430 -0.429 -0.429 -0.430 -0.431 -0.431 -0.431 -0.431 -0.430 -0.430 -0.429 -0.428 -0.426 -0.424 -0.422 -0.420 -0.419 -0.417 -0.415 -0.413 -0.411 -0.409 -0.407 -0.405 -0.403 -0.401 -0.399 -0.397
-99999 -99999 -99999 -99999 -99999 -99999 -99999 -99999 -99999 -99999 -99999 -99999 -99999 -99999 -99999 -99999 -99999 -99999 -99999 -99999 -99999 -99999 -99999 -99999 -99999 -99999 -99999 -99999 -99999 -0.495 -0.481 -0.476 -0.471 -0.462 -0.452 -0.453 -0.453 -0.452 -0.450 -0.450 -0.451 -0.451 -0.451 -0.451 -0.451 -0.451 -0.450 -0.451 -0.452 -0.452 -0.452 -0.452 -0.451 -0.450 -0.449 -0.448 -0.446 -0.444 -0.442 -0.440 -0.439 -0.437 -0.436 -0.434 -0.432 -0.430 -0.428 -0.426 -0.424 -0.422 -0.420 -0.418
-99999 -99999 -99999 -99999 -99999 -99999 -99999 -99999 -99999 -99999 -99999 -99999 -99999 -99999 -99999 -99999 -99999 -99999 -99999 -99999 -99999 -99999 -99999 -99999 -99999 -99999 -99999 -99999 -99999 -0.515 -0.497 -0.493 -0.489 -0.480 -0.472 -0.472 -0.472 -0.471 -0.470 -0.470 -0.471 -0.471 -0.471 -0.471 -0.470 -0.470 -0.470 -0.471 -0.471 -0.471 -0.471 -0.470 -0.469 -0.469 -0.468 -0.466 -0.464 -0.463 -0.461 -0.459 -0.457 -0.456 -0.454 -0.452 -0.450 -0.448 -0.446 -0.444 -0.442 -0.440 -0.438 -0.436
-99999 -99999 -99999 -99999 -99999 -99999 -99999 -99999 -99999 -99999 -99999 -99999 -99999 -99999 -99999 -99999 -99999 -99999 -99999 -99999 -99999 -99999 -99999 -99999 -99999 -99999 -99999 -99999 -99999 -99999 -99999 -0.510 -0.507 -0.499 -0.491 -0.491 -0.490 -0.490 -0.490 -0.490 -0.491 -0.491 -0.491 -0.490 -0.490 -0.490 -0.490 -0.490 -0.491 -0.490 -0.489 -0.489 -0.488 -0.487 -0.486 -0.484 -0.483 -0.481 -0.479 -0.477 -0.475 -0.474 -0.473 -0.471 -0.469 -0.467 -0.465 -0.463 -0.460 -0.458 -0.456 -0.454
-99999 -99999 -99999 -99999 -99999 -99999 -99999 -99999 -99999 -99999 -99999 -99999 -99999 -99999 -99999 -99999 -99999 -99999 -99999 -99999 -99999 -99999 -99999 -99999 -99999 -99999 -99999 -99999 -99999 -99999 -99999 -0.526 -0.521 -0.515 -0.509 -0.509 -0.508 -0.508 -0.507 -0.508 -0.508 -0.508 -0.509 -0.508 -0.508 -0.508 -0.507 -0.508 -0.508 -0.507 -0.506 -0.506 -0.505 -0.504 -0.503 -0.501 -0.500 -0.498 -0.496 -0.494 -0.492 -0.491 -0.489 -0.487 -0.486 -0.483 -0.481 -0.479 -0.477 -0.475 -0.472 -0.470
-99999 -99999 -99999 -99999 -99999 -99999 -99999 -99999 -99999 -99999 -99999 -99999 -99999 -99999 -99999 -99999 -99999 -99999 -99999 -99999 -99999 -99999 -99999 -99999 -99999 -99999 -99999 -99999 -99999 -99999 -99999 -0.541 -0.536 -0.532 -0.528 -0.527 -0.525 -0.525 -0.525 -0.525 -0.525 -0.526 -0.526 -0.526 -0.526 -0.525 -0.525 -0.525 -0.525 -0.524 -0.523 -0.523 -0.522 -0.521 -0.519 -0.518 -0.516 -0.515 -0.513 -0.511 -0.509 -0.507 -0.506 -0.504 -0.502 -0.500 -0.498 -0.495 -0.493 -0.491 -0.488 -0.485
-99999 -99999 -99999 -99999 -99999 -99999 -99999 -99999 -99999 -99999 -99999 -99999 -99999 -99999 -99999 -99999 -99999 -99999 -99999 -99999 -99999 -99999 -99999 -99999 -99999 -99999 -99999 -99999 -99999 -99999 -99999 -0.550 -0.547 -0.545 -0.543 -0.541 -0.540 -0.540 -0.540 -0.541 -0.541 -0.541 -0.542 -0.542 -0.542 -0.542 -0.541 -0.541 -0.541 -0.540 -0.539 -0.538 -0.537 -0.536 -0.535 -0.533 -0.532 -0.530 -0.529 -0.526 -0.524 -0.522 -0.520 -0.518 -0.516 -0.514 -0.512 -0.509 -0.507 -0.504 -0.502 -0.499
-99999 -99999 -99999 -99999 -99999 -99999 -99999 -99999 -99999 -99999 -99999 -99999 -99999 -99999 -99999 -99999 -99999 -99999 -99999 -99999 -99999 -99999 -99999 -99999 -99999 -99999 -99999 -99999 -99999 -99999 -99999 -0.558 -0.558 -0.558 -0.557 -0.556 -0.555 -0.555 -0.556 -0.556 -0.556 -0.557 -0.557 -0.558 -0.558 -0.558 -0.558 -0.557 -0.557 -0.556 -0.555 -0.554 -0.553 -0.552 -0.550 -0.549 -0.547 -0.546 -0.544 -0.542 -0.540 -0.537 -0.535 -0.532 -0.530 -0.528 -0.525 -0.523 -0.521 -0.518 -0.516 -0.513
-99999 -99999 -99999 -99999 -99999 -99999 -99999 -99999 -99999 -99999 -99999 -99999 -99999 -99999 -99999 -99999 -99999 -99999 -99999 -99999 -99999 -99999 -99999 -99999 -99999 -99999 -99999 -99999 -99999 -99999 -99999 -0.565 -0.567 -0.567 -0.568 -0.568 -0.567 -0.568 -0.569 -0.569 -0.570 -0.571 -0.571 -0.572 -0.572 -0.572 -0.571 -0.571 -0.570 -0.569 -0.568 -0.567 -0.567 -0.565 -0.564 -0.562 -0.561 -0.559 -0.557 -0.555 -0.553 -0.550 -0.547 -0.545 -0.542 -0.540 -0.538 -0.536 -0.533 -0.531 -0.528 -0.525
-99999 -99999 -99999 -99999 -99999 -99999 -99999 -99999 -99999 -99999 -99999 -99999 -99999 -99999 -99999 -99999 -99999 -99999 -99999 -99999 -99999 -99999 -99999 -99999 -99999 -99999 -99999 -99999 -99999 -99999 -99999 -99999 -99999 -0.577 -0.579 -0.579 -0.579 -0.580 -0.581 -0.583 -0.584 -0.585 -0.586 -0.586 -0.587 -0.586 -0.585 -0.584 -0.584 -0.583 -0.582 -0.581 -0.580 -0.579 -0.578 -0.576 -0.574 -0.573 -0.571 -0.568 -0.566 -0.563 -0.560 -0.558 -0.555 -0.553 -0.550 -0.548 -0.546 -0.543 -0.541 -0.538
-99999 -99999 -99999 -99999 -99999 -99999 -99999 -99999 -99999 -99999 -99999 -99999 -99999 -99999 -99999 -99999 -99999 -99999 -99999 -99999 -99999 -99999 -99999 -99999 -99999 -99999 -99999 -99999 -99999 -99999 -99999 -99999 -99999 -0.587 -0.590 -0.590 -0.591 -0.592 -0.594 -0.595 -0.596 -0.597 -0.598 -0.598 -0.599 -0.598 -0.597 -0.596 -0.595 -0.594 -0.593 -0.592 -0.591 -0.590 -0.589 -0.587 -0.586 -0.584 -0.582 -0.580 -0.577 -0.574 -0.572 -0.569 -0.567 -0.564 -0.562 -0.560 -0.557 -0.555 -0.552 -0.550
-99999 -99999 -99999 -99999 -99999 -99999 -99999 -99999 -99999 -99999 -99999 -99999 -99999 -99999 -99999 -99999 -99999 -99999 -99999 -99999 -99999 -99999 -99999 -99999 -99999 -99999 -99999 -99999 -99999 -99999 -99999 -99999 -99999 -0.596 -0.600 -0.602 -0.603 -0.604 -0.606 -0.607 -0.609 -0.610 -0.610 -0.611 -0.611 -0.610 -0.609 -0.608 -0.607 -0.606 -0.605 -0.604 -0.602 -0.601 -0.600 -0.599 -0.597 -0.595 -0.593 -0.591 -0.588 -0.586 -0.584 -0.581 -0.579 -0.576 -0.574 -0.571 -0.569 -0.567 -0.564 -0.561
-99999 -99999 -99999 -99999 -99999 -99999 -99999 -99999 -99999 -99999 -99999 -99999 -99999 -99999 -99999 -99999 -99999 -99999 -99999 -99999 -99999 -99999 -99999 -99999 -99999 -99999 -99999 -99999 -99999 -99999 -99999 -99999 -99999 -0.605 -0.609 -0.611 -0.613 -0.615 -0.617 -0.619 -0.620 -0.621 -0.621 -0.621 -0.622 -0.621 -0.620 -0.619 -0.618 -0.617 -0.616 -0.615 -0.613 -0.612 -0.611 -0.610 -0.608 -0.606 -0.604 -0.602 -0.600 -0.598 -0.596 -0.593 -0.591 -0.589 -0.587 -0.584 -0.582 -0.580 -0.577 -0.574
-99999 -99999 -99999 -99999 -99999 -99999 -99999 -99999 -99999 -99999 -99999 -99999 -99999 -99999 -99999 -99999 -99999 -99999 -99999 -99999 -99999 -99999 -99999 -99999 -99999 -99999 -99999 -99999 -99999 -99999 -99999 -99999 -99999 -0.614 -0.617 -0.620 -0.623 -0.625 -0.628 -0.630 -0.631 -0.632 -0.632 -0.632 -0.632 -0.632 -0.631 -0.630 -0.629 -0.628 -0.627 -0.626 -0.624 -0.623 -0.622 -0.621 -0.619 -0.617 -0.615 -0.613 -0.611 -0.610 -0.608 -0.605 -0.603 -0.601 -0.599 -0.597 -0.595 -0.593 -0.590 -0.588
-99999 -99999 -99999 -99999 -99999 -99999 -99999 -99999 -99999 -99999 -99999 -99999 -99999 -99999 -99999 -99999 -99999 -99999 -99999 -99999 -99999 -99999 -99999 -99999 -99999 -99999 -99999 -99999 -99999 -99999 -99999 -99999 -99999 -0.616 -0.621 -0.625 -0.629 -0.632 -0.636 -0.638 -0.640 -0.641 -0.641 -0.642 -0.642 -0.641 -0.641 -0.640 -0.640 -0.639 -0.638 -0.637 -0.636 -0.635 -0.634 -0.633 -0.631 -0.629 -0.628 -0.626 -0.624 -0.623 -0.621 -0.619 -0.617 -0.615 -0.613 -0.611 -0.609 -0.607 -0.605 -0.602
-99999 -99999 -99999 -99999 -99999 -99999 -99999 -99999 -99999 -99999 -99999 -99999 -99999 -99999 -99999 -99999 -99999 -99999 -99999 -99999 -99999 -99999 -99999 -99999 -99999 -99999 -99999 -99999 -99999 -99999 -99999 -99999 -99999 -99999 -99999 -0.630 -0.634 -0.639 -0.643 -0.646 -0.649 -0.650 -0.651 -0.651 -0.651 -0.651 -0.651 -0.650 -0.650 -0.650 -0.649 -0.649 -0.648 -0.647 -0.646 -0.645 -0.643 -0.641 -0.640 -0.639 -0.637 -0.636 -0.634 -0.632 -0.630 -0.629 -0.627 -0.625 -0.623 -0.621 -0.619 -0.616
-99999 -99999 -99999 -99999 -99999 -99999 -99999 -99999 -99999 -99999 -99999 -99999 -99999 -99999 -99999 -99999 -99999 -99999 -99999 -99999 -99999 -99999 -99999 -99999 -99999 -99999 -99999 -99999 -99999 -99999 -99999 -99999 -99999 -99999 -99999 -0.633 -0.636 -0.641 -0.647 -0.650 -0.654 -0.655 -0.656 -0.657 -0.657 -0.658 -0.658 -0.658 -0.658 -0.658 -0.659 -0.658 -0.658 -0.657 -0.657 -0.656 -0.655 -0.653 -0.652 -0.651 -0.650 -0.648 -0.647 -0.645 -0.643 -0.642 -0.641 -0.639 -0.637 -0.635 -0.633 -0.631
-99999 -99999 -99999 -99999 -99999 -99999 -99999 -99999 -99999 -99999 -99999 -99999 -99999 -99999 -99999 -99999 -99999 -99999 -99999 -99999 -99999 -99999 -99999 -99999 -99999 -99999 -99999 -99999 -99999 -99999 -99999 -99999 -99999 -99999 -99999 -0.636 -0.637 -0.644 -0.650 -0.654 -0.658 -0.660 -0.661 -0.663 -0.664 -0.665 -0.666 -0.666 -0.666 -0.667 -0.668 -0.668 -0.668 -0.668 -0.668 -0.667 -0.666 -0.665 -0.664 -0.663 -0.662 -0.661 -0.659 -0.658 -0.657 -0.655 -0.654 -0.653 -0.651 -0.649 -0.647 -0.646
-99999 -99999 -99999 -99999 -99999 -99999 -99999 -99999 -99999 -99999 -99999 -99999 -99999 -99999 -99999 -99999 -99999 -99999 -99999 -99999 -99999 -99999 -99999 -99999 -99999 -99999 -99999 -99999 -99999 -99999 -99999 -99999 -99999 -99999 -99999 -0.642 -0.641 -0.646 -0.651 -0.655 -0.659 -0.662 -0.664 -0.666 -0.667 -0.669 -0.670 -0.671 -0.672 -0.673 -0.674 -0.675 -0.675 -0.676 -0.677 -0.676 -0.676 -0.676 -0.675 -0.674 -0.674 -0.673 -0.671 -0.670 -0.669 -0.668 -0.667 -0.666 -0.664 -0.663 -0.661 -0.660
-99999 -99999 -99999 -99999 -99999 -99999 -99999 -99999 -99999 -99999 -99999 -99999 -99999 -99999 -99999 -99999 -99999 -99999 -99999 -99999 -99999 -99999 -99999 -99999 -99999 -99999 -99999 -99999 -99999 -99999 -99999 -99999 -99999 -99999 -99999 -0.648 -0.645 -0.648 -0.651 -0.656 -0.660 -0.663 -0.666 -0.668 -0.671 -0.672 -0.674 -0.676 -0.677 -0.679 -0.680 -0.682 -0.683 -0.684 -0.685 -0.686 -0.686 -0.686 -0.686 -0.686 -0.685 -0.685 -0.684 -0.683 -0.682 -0.681 -0.681 -0.679 -0.678 -0.676 -0.675 -0.674
-99999 -99999 -99999 -99999 -99999 -99999 -99999 -99999 -99999 -99999 -99999 -99999 -99999 -99999 -99999 -99999 -99999 -99999 -99999 -99999 -99999 -99999 -99999 -99999 -99999 -99999 -99999 -99999 -99999 -99999 -99999 -99999 -99999 -99999 -99999 -0.570 -0.641 -0.644 -0.647 -0.655 -0.662 -0.665 -0.668 -0.671 -0.673 -0.675 -0.676 -0.678 -0.680 -0.682 -0.683 -0.685 -0.687 -0.689 -0.691 -0.692 -0.694 -0.694 -0.695 -0.695 -0.695 -0.695 -0.695 -0.695 -0.694 -0.694 -0.693 -0.692 -0.691 -0.690 -0.689 -0.688
-99999 -99999 -99999 -99999 -99999 -99999 -99999 -99999 -99999 -99999 -99999 -99999 -99999 -99999 -99999 -99999 -99999 -99999 -99999 -99999 -99999 -99999 -99999 -99999 -99999 -99999 -99999 -99999 -99999 -99999 -99999 -99999 -99999 -99999 -99999 -0.492 -0.638 -0.640 -0.643 -0.654 -0.665 -0.667 -0.670 -0.673 -0.675 -0.677 -0.679 -0.681 -0.682 -0.684 -0.686 -0.689 -0.691 -0.694 -0.696 -0.698 -0.701 -0.702 -0.704 -0.704 -0.705 -0.706 -0.707 -0.706 -0.706 -0.706 -0.706 -0.705 -0.704 -0.703 -0.702 -0.702
-99999 -99999 -99999 -99999 -99999 -99999 -99999 -99999 -99999 -99999 -99999 -99999 -99999 -99999 -99999 -99999 -99999 -99999 -99999 -99999 -99999 -99999 -99999 -99999 -99999 -99999 -99999 -99999 -99999 -99999 -99999 -99999 -99999 -99999 -99999 -0.501 -0.646 -0.645 -0.644 -0.656 -0.668 -0.671 -0.674 -0.676 -0.677 -0.679 -0.681 -0.683 -0.685 -0.686 -0.688 -0.690 -0.693 -0.695 -0.698 -0.701 -0.703 -0.705 -0.708 -0.709 -0.710 -0.711 -0.712 -0.713 -0.713 -0.714 -0.714 -0.714 -0.714 -0.713 -0.713 -0.712
