211007T114448_210824T225103_210726_sos_CMIP6_ssp126_2071_2101_diff-0p5deg.txt
ncols 719
nrows 359
xllcorner 0.0
yllcorner 89.5
cellsize -0.5
NODATA_value -99999
[rows 0 to 31 of 359, columns 432 to 503 of 719]
-0.343 -0.344 -0.345 -0.346 -0.347 -0.348 -0.348 -0.349 -0.350 -0.351 -0.352 -0.352 -0.353 -0.354 -0.354 -0.355 -0.356 -0.356 -0.357 -0.357 -0.358 -0.358 -0.359 -0.352 -0.344 -0.582 -0.820 -0.821 -0.821 -0.822 -0.822 -0.822 -0.823 -0.785 -0.747 -0.732 -0.716 -0.717 -0.718 -0.718 -0.719 -0.719 -0.719 -0.720 -0.720 -0.721 -0.721 -0.722 -0.722 -0.723 -0.723 -0.723 -0.724 -0.724 -0.724 -0.725 -0.725 -0.725 -0.726 -0.742 -0.757 -0.758 -0.758 -0.758 -0.759 -0.759 -0.759 -0.759 -0.760 -0.760 -0.760 -0.761
-0.420 -0.421 -0.422 -0.424 -0.425 -0.426 -0.427 -0.429 -0.430 -0.431 -0.432 -0.434 -0.435 -0.436 -0.437 -0.438 -0.439 -0.440 -0.442 -0.443 -0.444 -0.445 -0.446 -0.443 -0.440 -0.560 -0.679 -0.680 -0.681 -0.682 -0.683 -0.684 -0.685 -0.667 -0.648 -0.641 -0.634 -0.635 -0.636 -0.637 -0.637 -0.638 -0.638 -0.632 -0.627 -0.627 -0.628 -0.629 -0.630 -0.624 -0.619 -0.627 -0.635 -0.635 -0.636 -0.638 -0.639 -0.742 -0.844 -0.853 -0.861 -0.861 -0.862 -0.858 -0.854 -0.855 -0.855 -0.855 -0.856 -0.840 -0.823 -0.824
-0.496 -0.498 -0.500 -0.501 -0.503 -0.505 -0.507 -0.508 -0.510 -0.512 -0.513 -0.515 -0.517 -0.518 -0.520 -0.521 -0.523 -0.525 -0.526 -0.528 -0.529 -0.531 -0.532 -0.534 -0.535 -0.537 -0.538 -0.540 -0.541 -0.543 -0.544 -0.546 -0.547 -0.548 -0.550 -0.551 -0.553 -0.554 -0.555 -0.555 -0.555 -0.556 -0.557 -0.545 -0.533 -0.534 -0.535 -0.536 -0.538 -0.526 -0.515 -0.530 -0.545 -0.547 -0.548 -0.550 -0.553 -0.758 -0.963 -0.964 -0.964 -0.964 -0.965 -0.957 -0.950 -0.951 -0.951 -0.951 -0.952 -0.919 -0.887 -0.887
-0.555 -0.558 -0.560 -0.562 -0.564 -0.566 -0.569 -0.571 -0.573 -0.575 -0.577 -0.579 -0.581 -0.583 -0.585 -0.587 -0.589 -0.591 -0.593 -0.595 -0.597 -0.599 -0.601 -0.603 -0.604 -0.606 -0.608 -0.610 -0.612 -0.614 -0.616 -0.617 -0.619 -0.621 -0.623 -0.625 -0.626 -0.628 -0.630 -0.631 -0.632 -0.633 -0.635 -0.630 -0.626 -0.621 -0.615 -0.617 -0.619 -0.621 -0.623 -0.631 -0.639 -0.641 -0.642 -0.644 -0.647 -0.750 -0.853 -0.854 -0.855 -0.856 -0.857 -0.937 -1.018 -1.015 -1.013 -1.013 -1.014 -0.998 -0.982 -0.982
-0.615 -0.617 -0.620 -0.623 -0.625 -0.628 -0.631 -0.634 -0.636 -0.639 -0.641 -0.644 -0.646 -0.649 -0.651 -0.653 -0.656 -0.658 -0.660 -0.663 -0.665 -0.667 -0.669 -0.671 -0.674 -0.676 -0.678 -0.680 -0.682 -0.685 -0.687 -0.689 -0.691 -0.694 -0.696 -0.698 -0.700 -0.702 -0.705 -0.707 -0.709 -0.711 -0.713 -0.716 -0.719 -0.707 -0.696 -0.698 -0.700 -0.716 -0.732 -0.732 -0.733 -0.735 -0.736 -0.738 -0.740 -0.742 -0.743 -0.745 -0.746 -0.748 -0.749 -0.917 -1.085 -1.080 -1.075 -1.075 -1.076 -1.077 -1.077 -1.078
-0.673 -0.676 -0.678 -0.681 -0.684 -0.687 -0.689 -0.692 -0.695 -0.697 -0.700 -0.703 -0.706 -0.708 -0.711 -0.714 -0.716 -0.719 -0.721 -0.724 -0.727 -0.729 -0.732 -0.734 -0.736 -0.739 -0.741 -0.744 -0.746 -0.749 -0.751 -0.754 -0.756 -0.758 -0.761 -0.763 -0.765 -0.768 -0.770 -0.773 -0.775 -0.778 -0.780 -0.784 -0.789 -0.777 -0.766 -0.768 -0.771 -0.787 -0.803 -0.803 -0.803 -0.805 -0.807 -0.809 -0.810 -0.812 -0.814 -0.816 -0.818 -0.820 -0.822 -0.907 -0.992 -0.991 -0.989 -1.063 -1.137 -1.137 -1.138 -1.136
-0.731 -0.734 -0.737 -0.739 -0.742 -0.745 -0.748 -0.751 -0.753 -0.756 -0.759 -0.762 -0.765 -0.768 -0.771 -0.774 -0.777 -0.779 -0.782 -0.785 -0.788 -0.791 -0.794 -0.797 -0.799 -0.802 -0.805 -0.807 -0.810 -0.813 -0.815 -0.818 -0.820 -0.823 -0.825 -0.828 -0.830 -0.833 -0.836 -0.839 -0.842 -0.845 -0.847 -0.853 -0.858 -0.847 -0.835 -0.838 -0.841 -0.857 -0.874 -0.873 -0.872 -0.875 -0.877 -0.879 -0.880 -0.883 -0.885 -0.888 -0.890 -0.892 -0.895 -0.897 -0.899 -0.901 -0.904 -1.051 -1.197 -1.198 -1.198 -1.194
-0.782 -0.785 -0.788 -0.791 -0.794 -0.797 -0.800 -0.803 -0.806 -0.808 -0.811 -0.814 -0.817 -0.820 -0.823 -0.827 -0.830 -0.833 -0.836 -0.839 -0.842 -0.845 -0.848 -0.850 -0.853 -0.856 -0.859 -0.861 -0.864 -0.867 -0.870 -0.873 -0.875 -0.878 -0.881 -0.884 -0.887 -0.890 -0.892 -0.896 -0.899 -0.902 -0.906 -0.910 -0.914 -0.906 -0.897 -0.900 -0.903 -0.918 -0.932 -0.934 -0.935 -0.937 -0.939 -0.942 -0.944 -0.947 -0.949 -0.952 -0.955 -0.957 -0.960 -0.962 -0.965 -0.967 -0.969 -1.044 -1.119 -1.185 -1.250 -1.248
-0.833 -0.837 -0.840 -0.843 -0.846 -0.849 -0.852 -0.855 -0.858 -0.861 -0.864 -0.867 -0.870 -0.873 -0.876 -0.880 -0.883 -0.886 -0.889 -0.892 -0.895 -0.898 -0.901 -0.904 -0.907 -0.910 -0.912 -0.915 -0.918 -0.922 -0.925 -0.928 -0.931 -0.934 -0.937 -0.940 -0.943 -0.946 -0.949 -0.952 -0.956 -0.960 -0.964 -0.967 -0.971 -0.965 -0.958 -0.962 -0.965 -0.978 -0.991 -0.994 -0.998 -0.999 -1.001 -1.004 -1.007 -1.010 -1.013 -1.016 -1.019 -1.022 -1.025 -1.028 -1.030 -1.033 -1.035 -1.038 -1.040 -1.171 -1.303 -1.303
-0.886 -0.889 -0.892 -0.895 -0.898 -0.900 -0.903 -0.906 -0.909 -0.912 -0.915 -0.918 -0.921 -0.923 -0.926 -0.929 -0.932 -0.936 -0.939 -0.942 -0.945 -0.948 -0.951 -0.954 -0.957 -0.960 -0.963 -0.966 -0.969 -0.972 -0.975 -0.979 -0.982 -0.985 -0.988 -0.992 -0.995 -0.998 -1.002 -1.005 -1.009 -1.012 -1.016 -1.020 -1.024 -1.019 -1.014 -1.017 -1.021 -1.033 -1.045 -1.048 -1.051 -1.054 -1.057 -1.060 -1.063 -1.066 -1.069 -1.072 -1.075 -1.078 -1.081 -1.083 -1.086 -1.089 -1.091 -1.094 -1.096 -1.219 -1.343 -1.342
-0.938 -0.941 -0.944 -0.947 -0.949 -0.952 -0.954 -0.957 -0.960 -0.963 -0.966 -0.969 -0.971 -0.974 -0.976 -0.979 -0.982 -0.985 -0.988 -0.992 -0.995 -0.997 -1.000 -1.003 -1.006 -1.010 -1.013 -1.016 -1.020 -1.023 -1.026 -1.030 -1.033 -1.036 -1.040 -1.043 -1.047 -1.051 -1.054 -1.058 -1.062 -1.065 -1.069 -1.073 -1.077 -1.073 -1.069 -1.073 -1.077 -1.088 -1.100 -1.102 -1.105 -1.108 -1.112 -1.115 -1.119 -1.122 -1.125 -1.128 -1.131 -1.134 -1.136 -1.139 -1.142 -1.144 -1.147 -1.149 -1.152 -1.268 -1.383 -1.382
-0.986 -0.989 -0.992 -0.994 -0.997 -0.999 -1.002 -1.004 -1.007 -1.010 -1.013 -1.015 -1.018 -1.021 -1.023 -1.026 -1.029 -1.032 -1.034 -1.038 -1.041 -1.044 -1.047 -1.050 -1.053 -1.056 -1.059 -1.063 -1.066 -1.070 -1.073 -1.077 -1.080 -1.083 -1.087 -1.090 -1.094 -1.098 -1.102 -1.106 -1.109 -1.113 -1.117 -1.121 -1.126 -1.130 -1.135 -1.139 -1.142 -1.146 -1.149 -1.151 -1.153 -1.156 -1.160 -1.163 -1.166 -1.169 -1.172 -1.175 -1.178 -1.180 -1.183 -1.185 -1.188 -1.190 -1.192 -1.194 -1.196 -1.302 -1.407 -1.406
-1.035 -1.037 -1.040 -1.042 -1.044 -1.047 -1.049 -1.052 -1.054 -1.057 -1.059 -1.062 -1.065 -1.067 -1.070 -1.073 -1.075 -1.078 -1.081 -1.084 -1.087 -1.090 -1.094 -1.097 -1.100 -1.103 -1.106 -1.109 -1.113 -1.117 -1.120 -1.124 -1.127 -1.130 -1.133 -1.138 -1.142 -1.146 -1.150 -1.153 -1.157 -1.161 -1.164 -1.169 -1.174 -1.188 -1.201 -1.205 -1.208 -1.203 -1.197 -1.199 -1.201 -1.204 -1.207 -1.211 -1.214 -1.216 -1.219 -1.222 -1.224 -1.227 -1.229 -1.231 -1.233 -1.235 -1.237 -1.238 -1.240 -1.336 -1.432 -1.429
-1.083 -1.086 -1.088 -1.090 -1.093 -1.095 -1.098 -1.100 -1.102 -1.105 -1.107 -1.110 -1.112 -1.115 -1.118 -1.120 -1.122 -1.125 -1.127 -1.130 -1.133 -1.136 -1.139 -1.142 -1.145 -1.148 -1.151 -1.154 -1.157 -1.161 -1.164 -1.167 -1.170 -1.174 -1.177 -1.181 -1.184 -1.188 -1.192 -1.195 -1.199 -1.202 -1.205 -1.210 -1.214 -1.227 -1.240 -1.243 -1.246 -1.240 -1.234 -1.236 -1.238 -1.241 -1.243 -1.246 -1.249 -1.251 -1.253 -1.255 -1.257 -1.259 -1.261 -1.263 -1.264 -1.265 -1.267 -1.267 -1.268 -1.316 -1.364 -1.396
-1.131 -1.134 -1.136 -1.139 -1.141 -1.144 -1.146 -1.148 -1.151 -1.153 -1.155 -1.158 -1.160 -1.163 -1.165 -1.167 -1.170 -1.172 -1.174 -1.177 -1.179 -1.182 -1.185 -1.188 -1.190 -1.193 -1.196 -1.199 -1.202 -1.205 -1.208 -1.211 -1.214 -1.217 -1.221 -1.224 -1.227 -1.231 -1.234 -1.237 -1.240 -1.243 -1.246 -1.250 -1.254 -1.267 -1.279 -1.282 -1.285 -1.278 -1.272 -1.273 -1.275 -1.277 -1.279 -1.281 -1.283 -1.285 -1.287 -1.289 -1.290 -1.292 -1.293 -1.294 -1.295 -1.296 -1.296 -1.296 -1.296 -1.297 -1.297 -1.363
-1.185 -1.187 -1.190 -1.193 -1.196 -1.198 -1.200 -1.203 -1.205 -1.208 -1.210 -1.212 -1.215 -1.217 -1.219 -1.222 -1.224 -1.226 -1.228 -1.230 -1.232 -1.235 -1.237 -1.239 -1.242 -1.244 -1.246 -1.248 -1.251 -1.253 -1.256 -1.258 -1.261 -1.264 -1.266 -1.269 -1.272 -1.274 -1.277 -1.279 -1.282 -1.284 -1.287 -1.289 -1.292 -1.304 -1.316 -1.318 -1.320 -1.311 -1.303 -1.304 -1.305 -1.306 -1.307 -1.308 -1.310 -1.311 -1.311 -1.312 -1.313 -1.314 -1.314 -1.315 -1.315 -1.316 -1.316 -1.316 -1.315 -1.315 -1.315 -1.369
-1.238 -1.241 -1.244 -1.247 -1.250 -1.252 -1.255 -1.257 -1.260 -1.262 -1.265 -1.267 -1.269 -1.272 -1.274 -1.276 -1.278 -1.280 -1.282 -1.283 -1.285 -1.287 -1.289 -1.291 -1.293 -1.295 -1.296 -1.298 -1.300 -1.302 -1.304 -1.306 -1.308 -1.310 -1.312 -1.314 -1.316 -1.318 -1.319 -1.321 -1.323 -1.325 -1.327 -1.328 -1.330 -1.342 -1.353 -1.354 -1.355 -1.344 -1.334 -1.335 -1.335 -1.335 -1.335 -1.336 -1.336 -1.336 -1.336 -1.336 -1.336 -1.336 -1.336 -1.336 -1.335 -1.335 -1.335 -1.335 -1.334 -1.334 -1.333 -1.376
-1.290 -1.293 -1.296 -1.300 -1.303 -1.305 -1.308 -1.311 -1.313 -1.316 -1.318 -1.320 -1.322 -1.324 -1.326 -1.328 -1.330 -1.332 -1.333 -1.334 -1.335 -1.337 -1.338 -1.339 -1.341 -1.342 -1.343 -1.344 -1.345 -1.346 -1.347 -1.348 -1.348 -1.349 -1.350 -1.350 -1.351 -1.352 -1.352 -1.353 -1.353 -1.354 -1.354 -1.354 -1.354 -1.366 -1.377 -1.377 -1.377 -1.366 -1.354 -1.354 -1.354 -1.354 -1.353 -1.353 -1.354 -1.353 -1.353 -1.353 -1.352 -1.352 -1.351 -1.350 -1.349 -1.349 -1.348 -1.347 -1.346 -1.344 -1.343 -1.377
-1.341 -1.345 -1.349 -1.352 -1.355 -1.358 -1.361 -1.364 -1.367 -1.369 -1.371 -1.373 -1.375 -1.377 -1.379 -1.380 -1.382 -1.383 -1.384 -1.385 -1.386 -1.387 -1.387 -1.388 -1.388 -1.389 -1.390 -1.390 -1.390 -1.390 -1.389 -1.389 -1.389 -1.388 -1.387 -1.387 -1.386 -1.386 -1.385 -1.384 -1.384 -1.382 -1.381 -1.380 -1.379 -1.390 -1.401 -1.400 -1.399 -1.387 -1.374 -1.374 -1.373 -1.372 -1.371 -1.371 -1.371 -1.371 -1.370 -1.369 -1.368 -1.368 -1.367 -1.365 -1.363 -1.362 -1.361 -1.359 -1.357 -1.355 -1.353 -1.378
-1.382 -1.386 -1.390 -1.393 -1.396 -1.399 -1.402 -1.405 -1.407 -1.409 -1.411 -1.413 -1.414 -1.415 -1.417 -1.417 -1.418 -1.419 -1.419 -1.419 -1.419 -1.419 -1.418 -1.418 -1.417 -1.417 -1.416 -1.415 -1.414 -1.412 -1.411 -1.410 -1.408 -1.406 -1.404 -1.403 -1.401 -1.399 -1.397 -1.395 -1.393 -1.391 -1.390 -1.389 -1.387 -1.394 -1.401 -1.400 -1.399 -1.391 -1.383 -1.382 -1.382 -1.381 -1.380 -1.380 -1.379 -1.378 -1.377 -1.376 -1.375 -1.374 -1.373 -1.370 -1.368 -1.366 -1.364 -1.361 -1.358 -1.354 -1.351 -1.368
-1.422 -1.426 -1.430 -1.434 -1.437 -1.440 -1.443 -1.445 -1.447 -1.449 -1.451 -1.452 -1.453 -1.454 -1.455 -1.455 -1.455 -1.454 -1.454 -1.453 -1.452 -1.451 -1.449 -1.448 -1.446 -1.444 -1.442 -1.440 -1.437 -1.435 -1.433 -1.430 -1.427 -1.425 -1.422 -1.418 -1.415 -1.412 -1.409 -1.405 -1.402 -1.400 -1.399 -1.397 -1.396 -1.399 -1.401 -1.400 -1.400 -1.396 -1.392 -1.391 -1.391 -1.390 -1.389 -1.388 -1.386 -1.385 -1.384 -1.383 -1.382 -1.380 -1.379 -1.376 -1.373 -1.370 -1.367 -1.363 -1.359 -1.354 -1.349 -1.358
-1.447 -1.452 -1.456 -1.460 -1.464 -1.467 -1.471 -1.473 -1.476 -1.478 -1.480 -1.481 -1.482 -1.482 -1.482 -1.482 -1.481 -1.480 -1.478 -1.476 -1.474 -1.472 -1.469 -1.466 -1.463 -1.459 -1.455 -1.451 -1.447 -1.443 -1.439 -1.435 -1.431 -1.427 -1.422 -1.418 -1.414 -1.411 -1.408 -1.405 -1.402 -1.401 -1.400 -1.398 -1.396 -1.400 -1.403 -1.418 -1.434 -1.429 -1.423 -1.423 -1.422 -1.432 -1.442 -1.431 -1.420 -1.419 -1.418 -1.410 -1.403 -1.377 -1.351 -1.343 -1.335 -1.326 -1.318 -1.306 -1.294 -1.295 -1.297 -1.316
-1.471 -1.477 -1.482 -1.487 -1.491 -1.494 -1.498 -1.501 -1.505 -1.507 -1.508 -1.509 -1.510 -1.510 -1.510 -1.509 -1.507 -1.505 -1.503 -1.500 -1.496 -1.493 -1.489 -1.484 -1.480 -1.474 -1.468 -1.462 -1.456 -1.451 -1.445 -1.440 -1.435 -1.429 -1.423 -1.418 -1.413 -1.410 -1.407 -1.404 -1.402 -1.401 -1.400 -1.399 -1.397 -1.401 -1.404 -1.436 -1.468 -1.462 -1.455 -1.454 -1.454 -1.474 -1.495 -1.474 -1.453 -1.452 -1.451 -1.437 -1.423 -1.372 -1.322 -1.309 -1.297 -1.283 -1.269 -1.249 -1.230 -1.237 -1.245 -1.274
-1.472 -1.478 -1.484 -1.490 -1.495 -1.499 -1.504 -1.508 -1.512 -1.515 -1.518 -1.519 -1.519 -1.519 -1.519 -1.517 -1.515 -1.511 -1.508 -1.503 -1.498 -1.492 -1.486 -1.479 -1.472 -1.464 -1.457 -1.449 -1.442 -1.435 -1.428 -1.422 -1.415 -1.409 -1.404 -1.399 -1.395 -1.391 -1.388 -1.385 -1.383 -1.398 -1.413 -1.429 -1.445 -1.451 -1.458 -1.465 -1.473 -1.504 -1.535 -1.431 -1.326 -1.207 -1.088 -1.161 -1.234 -1.231 -1.228 -1.194 -1.161 -1.095 -1.029 -1.024 -1.020 -1.020 -1.020 -1.056 -1.092 -1.157 -1.222 -1.242
-1.472 -1.479 -1.486 -1.492 -1.499 -1.504 -1.510 -1.514 -1.519 -1.523 -1.527 -1.528 -1.528 -1.528 -1.528 -1.525 -1.522 -1.518 -1.513 -1.506 -1.500 -1.491 -1.483 -1.473 -1.464 -1.455 -1.446 -1.437 -1.427 -1.419 -1.410 -1.403 -1.396 -1.390 -1.384 -1.380 -1.376 -1.372 -1.369 -1.367 -1.364 -1.395 -1.426 -1.459 -1.492 -99999 -99999 -99999 -99999 -99999 -99999 -1.407 -1.198 -0.940 -0.682 -0.849 -1.016 -1.010 -1.004 -0.952 -0.900 -0.817 -0.735 -0.739 -0.743 -0.757 -0.771 -0.863 -0.955 -1.076 -1.198 -1.210
-1.449 -1.457 -1.464 -1.471 -1.478 -1.483 -1.489 -1.494 -1.498 -1.502 -1.505 -1.506 -1.506 -1.504 -1.503 -1.499 -1.495 -1.488 -1.481 -1.472 -1.464 -1.454 -1.444 -1.434 -1.423 -1.412 -1.401 -1.391 -1.380 -1.371 -1.362 -1.353 -1.344 -1.336 -1.328 -1.321 -1.313 -1.320 -1.328 -1.332 -1.336 -1.341 -1.346 -1.397 -1.447 -99999 -99999 -99999 -99999 -99999 -99999 -1.285 -1.092 -1.058 -1.024 -0.999 -0.974 -1.000 -1.026 -1.031 -1.035 -1.008 -0.981 -0.956 -0.932 -0.914 -0.895 -0.929 -0.964 -1.017 -1.070 -1.172
-1.427 -1.435 -1.443 -1.449 -1.456 -1.462 -1.469 -1.473 -1.478 -1.480 -1.483 -1.483 -1.484 -1.481 -1.478 -1.472 -1.467 -1.458 -1.450 -1.439 -1.428 -1.417 -1.406 -1.394 -1.381 -1.369 -1.356 -1.345 -1.333 -1.323 -1.314 -1.303 -1.293 -1.282 -1.272 -1.261 -1.250 -1.268 -1.287 -1.297 -1.308 -1.287 -1.267 -1.334 -1.403 -99999 -99999 -99999 -99999 -99999 -99999 -1.164 -0.986 -99999 -99999 -99999 -99999 -99999 -99999 -99999 -99999 -99999 -99999 -99999 -99999 -99999 -99999 -99999 -99999 -99999 -99999 -99999
-1.377 -1.384 -1.392 -1.398 -1.404 -1.409 -1.415 -1.418 -1.421 -1.422 -1.423 -1.422 -1.420 -1.415 -1.410 -1.403 -1.396 -1.386 -1.376 -1.364 -1.352 -1.341 -1.329 -1.316 -1.302 -1.289 -1.276 -1.263 -1.250 -1.236 -1.222 -1.208 -1.194 -1.180 -1.167 -1.153 -1.139 -1.152 -1.166 -1.164 -1.163 -1.142 -1.121 -1.147 -1.174 -99999 -99999 -99999 -99999 -99999 -99999 -0.949 -0.781 -99999 -99999 -99999 -99999 -99999 -99999 -99999 -99999 -99999 -99999 -99999 -99999 -99999 -99999 -99999 -99999 -99999 -99999 -99999
-1.327 -1.334 -1.341 -1.347 -1.352 -1.357 -1.361 -1.362 -1.363 -1.363 -1.363 -1.360 -1.357 -1.350 -1.343 -1.334 -1.325 -1.314 -1.302 -1.289 -1.277 -1.264 -1.252 -1.238 -1.224 -1.209 -1.196 -1.181 -1.167 -1.149 -1.131 -1.113 -1.096 -1.078 -1.061 -1.045 -1.028 -1.036 -1.044 -1.031 -1.018 -0.997 -0.976 -0.960 -0.945 -0.967 -0.991 -0.972 -0.953 -0.923 -0.892 -0.734 -0.576 -99999 -99999 -99999 -99999 -99999 -99999 -99999 -99999 -99999 -99999 -99999 -99999 -99999 -99999 -99999 -99999 -99999 -99999 -99999
-1.245 -1.251 -1.256 -1.260 -1.264 -1.266 -1.267 -1.267 -1.267 -1.263 -1.260 -1.255 -1.250 -1.241 -1.233 -1.222 -1.212 -1.200 -1.188 -1.173 -1.160 -1.144 -1.129 -1.112 -1.095 -1.077 -1.059 -1.039 -1.020 -0.997 -0.974 -0.953 -0.931 -0.913 -0.894 -0.886 -0.877 -0.898 -0.918 -0.850 -0.783 -0.763 -0.744 -0.528 -0.313 -0.348 -0.385 -0.671 -0.959 -0.921 -0.883 -0.817 -0.750 -99999 -99999 -99999 -99999 -99999 -99999 -99999 -99999 -99999 -99999 -99999 -99999 -99999 -99999 -99999 -99999 -99999 -99999 -99999
-1.164 -1.167 -1.171 -1.173 -1.176 -1.175 -1.174 -1.172 -1.170 -1.164 -1.158 -1.151 -1.144 -1.133 -1.123 -1.111 -1.099 -1.086 -1.073 -1.057 -1.042 -1.024 -1.006 -0.987 -0.967 -0.945 -0.923 -0.898 -0.873 -0.845 -0.818 -0.792 -0.767 -0.747 -0.728 -0.727 -0.726 -99999 -99999 -99999 -99999 -99999 -99999 -99999 -99999 -99999 -99999 -99999 -99999 -99999 -99999 -99999 -99999 -99999 -99999 -99999 -99999 -0.778 -0.724 -0.553 -0.382 -0.468 -0.554 -0.550 -0.546 -0.556 -0.567 -0.581 -0.595 -0.548 -0.502 -0.544
-1.045 -1.046 -1.048 -1.048 -1.048 -1.045 -1.043 -1.038 -1.033 -1.025 -1.018 -1.009 -1.000 -0.988 -0.976 -0.963 -0.950 -0.935 -0.921 -0.904 -0.888 -0.870 -0.853 -0.834 -0.816 -0.793 -0.771 -0.747 -0.723 -0.698 -0.673 -0.655 -0.636 -0.622 -0.608 -0.614 -0.620 -99999 -99999 -99999 -99999 -99999 -99999 -99999 -99999 -99999 -99999 -99999 -99999 -99999 -99999 -99999 -99999 -99999 -99999 -99999 -99999 -0.671 -0.676 -0.650 -0.624 -0.628 -0.632 -0.623 -0.613 -0.620 -0.626 -0.614 -0.603 -0.584 -0.564 -0.552
