211007T114448_210824T225103_210726_sos_CMIP6_ssp126_2071_2101_diff-0p5deg.txt
ncols 719
nrows 359
xllcorner 0.0
yllcorner 89.5
cellsize -0.5
NODATA_value -99999
[rows 192 to 223 of 359, columns 360 to 431 of 719]
-0.227 -0.224 -0.221 -0.218 -0.214 -0.210 -0.206 -0.202 -0.198 -0.194 -0.191 -0.187 -0.183 -0.179 -0.175 -0.171 -0.167 -0.163 -0.158 -0.154 -0.150 -0.147 -0.143 -0.139 -0.134 -0.129 -0.124 -0.121 -0.117 -0.114 -0.111 -0.107 -0.103 -0.100 -0.097 -0.094 -0.090 -0.087 -0.083 -0.080 -0.076 -0.073 -0.070 -0.067 -0.064 -0.061 -0.058 -0.055 -0.051 -0.049 -0.046 -0.043 -0.041 -0.039 -0.036 -0.034 -0.032 -0.030 -0.028 -0.027 -0.026 -0.025 -0.024 -0.023 -0.022 -0.022 -0.021 -0.021 -0.020 -0.020 -0.020 -0.020
-0.222 -0.219 -0.216 -0.213 -0.209 -0.205 -0.201 -0.197 -0.194 -0.190 -0.186 -0.182 -0.178 -0.173 -0.169 -0.164 -0.159 -0.155 -0.150 -0.146 -0.141 -0.137 -0.132 -0.128 -0.123 -0.118 -0.112 -0.108 -0.104 -0.100 -0.097 -0.093 -0.088 -0.085 -0.081 -0.078 -0.074 -0.071 -0.067 -0.064 -0.060 -0.057 -0.054 -0.050 -0.047 -0.044 -0.040 -0.037 -0.034 -0.031 -0.028 -0.026 -0.023 -0.021 -0.019 -0.017 -0.015 -0.013 -0.012 -0.010 -0.009 -0.008 -0.007 -0.006 -0.005 -0.005 -0.004 -0.004 -0.003 -0.003 -0.003 -0.004
-0.217 -0.214 -0.211 -0.208 -0.204 -0.201 -0.197 -0.193 -0.189 -0.185 -0.181 -0.177 -0.172 -0.167 -0.162 -0.157 -0.151 -0.147 -0.142 -0.137 -0.132 -0.127 -0.122 -0.117 -0.112 -0.106 -0.100 -0.095 -0.091 -0.087 -0.083 -0.078 -0.073 -0.069 -0.065 -0.061 -0.058 -0.054 -0.051 -0.047 -0.044 -0.040 -0.037 -0.033 -0.030 -0.026 -0.023 -0.019 -0.016 -0.013 -0.010 -0.008 -0.006 -0.004 -0.002 -0.000 0.002 0.003 0.005 0.006 0.008 0.009 0.010 0.011 0.012 0.012 0.013 0.013 0.013 0.013 0.013 0.012
-0.204 -0.201 -0.199 -0.195 -0.192 -0.188 -0.184 -0.180 -0.176 -0.172 -0.168 -0.163 -0.159 -0.153 -0.148 -0.143 -0.137 -0.132 -0.128 -0.122 -0.117 -0.111 -0.106 -0.101 -0.095 -0.089 -0.083 -0.078 -0.072 -0.067 -0.063 -0.058 -0.053 -0.048 -0.043 -0.039 -0.035 -0.031 -0.027 -0.023 -0.019 -0.015 -0.011 -0.008 -0.005 -0.001 0.003 0.006 0.009 0.012 0.015 0.017 0.018 0.020 0.022 0.023 0.025 0.026 0.027 0.028 0.029 0.030 0.031 0.031 0.032 0.032 0.032 0.032 0.031 0.031 0.030 0.029
-0.191 -0.188 -0.186 -0.182 -0.179 -0.175 -0.172 -0.168 -0.164 -0.159 -0.155 -0.150 -0.145 -0.140 -0.134 -0.128 -0.123 -0.118 -0.113 -0.107 -0.102 -0.096 -0.091 -0.085 -0.079 -0.072 -0.066 -0.060 -0.054 -0.048 -0.043 -0.037 -0.032 -0.027 -0.021 -0.016 -0.012 -0.007 -0.003 0.001 0.005 0.009 0.014 0.017 0.021 0.024 0.028 0.031 0.034 0.037 0.040 0.041 0.043 0.044 0.046 0.047 0.048 0.049 0.049 0.050 0.050 0.051 0.051 0.051 0.052 0.052 0.051 0.051 0.050 0.049 0.048 0.047
-0.173 -0.170 -0.167 -0.164 -0.160 -0.156 -0.153 -0.149 -0.145 -0.140 -0.136 -0.131 -0.127 -0.121 -0.115 -0.110 -0.104 -0.099 -0.094 -0.088 -0.082 -0.077 -0.071 -0.065 -0.059 -0.052 -0.046 -0.040 -0.034 -0.028 -0.023 -0.017 -0.011 -0.006 -0.001 0.004 0.009 0.014 0.018 0.022 0.026 0.031 0.035 0.038 0.042 0.045 0.049 0.052 0.055 0.057 0.060 0.061 0.063 0.064 0.065 0.065 0.066 0.066 0.066 0.066 0.066 0.066 0.066 0.066 0.067 0.066 0.066 0.065 0.064 0.063 0.062 0.061
-0.156 -0.152 -0.149 -0.145 -0.141 -0.137 -0.133 -0.130 -0.126 -0.121 -0.117 -0.113 -0.108 -0.102 -0.097 -0.092 -0.086 -0.080 -0.075 -0.069 -0.063 -0.057 -0.051 -0.045 -0.038 -0.032 -0.026 -0.020 -0.014 -0.008 -0.003 0.003 0.009 0.014 0.020 0.025 0.030 0.034 0.039 0.043 0.048 0.052 0.056 0.059 0.063 0.066 0.070 0.073 0.076 0.078 0.080 0.081 0.082 0.083 0.084 0.084 0.084 0.084 0.083 0.083 0.083 0.082 0.082 0.081 0.081 0.081 0.081 0.080 0.079 0.077 0.076 0.075
-0.139 -0.135 -0.132 -0.127 -0.123 -0.119 -0.115 -0.111 -0.106 -0.102 -0.097 -0.093 -0.088 -0.083 -0.078 -0.073 -0.067 -0.062 -0.056 -0.051 -0.045 -0.039 -0.034 -0.027 -0.021 -0.015 -0.009 -0.003 0.003 0.008 0.014 0.019 0.025 0.030 0.035 0.040 0.045 0.049 0.054 0.058 0.062 0.065 0.069 0.072 0.075 0.079 0.082 0.084 0.087 0.088 0.090 0.091 0.092 0.093 0.093 0.094 0.094 0.093 0.093 0.093 0.092 0.092 0.091 0.091 0.091 0.090 0.090 0.089 0.088 0.087 0.086 0.084
-0.122 -0.118 -0.114 -0.110 -0.105 -0.101 -0.096 -0.092 -0.087 -0.082 -0.078 -0.073 -0.068 -0.063 -0.058 -0.054 -0.049 -0.043 -0.038 -0.033 -0.027 -0.022 -0.016 -0.010 -0.004 0.002 0.008 0.013 0.019 0.024 0.030 0.035 0.041 0.046 0.051 0.056 0.060 0.064 0.068 0.072 0.076 0.079 0.083 0.085 0.088 0.091 0.093 0.095 0.097 0.099 0.100 0.101 0.102 0.103 0.103 0.103 0.103 0.103 0.102 0.102 0.102 0.101 0.100 0.100 0.100 0.099 0.099 0.098 0.097 0.096 0.095 0.094
-0.107 -0.103 -0.099 -0.094 -0.090 -0.085 -0.081 -0.076 -0.071 -0.067 -0.062 -0.057 -0.053 -0.048 -0.043 -0.038 -0.033 -0.028 -0.023 -0.018 -0.013 -0.008 -0.003 0.003 0.009 0.014 0.019 0.025 0.030 0.035 0.040 0.045 0.051 0.055 0.060 0.064 0.068 0.072 0.076 0.079 0.082 0.085 0.088 0.090 0.093 0.095 0.097 0.099 0.100 0.101 0.102 0.103 0.104 0.105 0.105 0.105 0.106 0.105 0.105 0.105 0.105 0.104 0.104 0.104 0.103 0.103 0.102 0.101 0.100 0.100 0.099 0.098
-0.092 -0.088 -0.084 -0.079 -0.074 -0.070 -0.065 -0.061 -0.056 -0.051 -0.046 -0.042 -0.037 -0.032 -0.028 -0.023 -0.018 -0.013 -0.009 -0.004 0.001 0.006 0.011 0.016 0.021 0.026 0.031 0.036 0.041 0.046 0.051 0.056 0.060 0.065 0.069 0.073 0.077 0.080 0.083 0.085 0.088 0.091 0.093 0.095 0.097 0.099 0.101 0.102 0.103 0.104 0.105 0.106 0.106 0.107 0.107 0.108 0.108 0.108 0.108 0.108 0.108 0.108 0.107 0.107 0.107 0.106 0.106 0.105 0.104 0.103 0.103 0.102
-0.081 -0.077 -0.073 -0.068 -0.064 -0.059 -0.055 -0.050 -0.046 -0.041 -0.036 -0.031 -0.027 -0.022 -0.017 -0.012 -0.008 -0.003 0.001 0.005 0.010 0.014 0.019 0.023 0.028 0.033 0.037 0.042 0.046 0.051 0.056 0.060 0.065 0.068 0.072 0.076 0.079 0.082 0.085 0.087 0.089 0.092 0.094 0.096 0.097 0.098 0.100 0.101 0.102 0.103 0.103 0.104 0.105 0.105 0.106 0.106 0.107 0.107 0.107 0.107 0.108 0.107 0.107 0.107 0.107 0.106 0.106 0.105 0.104 0.103 0.103 0.102
-0.070 -0.066 -0.062 -0.058 -0.054 -0.049 -0.044 -0.040 -0.035 -0.030 -0.026 -0.021 -0.016 -0.011 -0.006 -0.002 0.003 0.007 0.011 0.015 0.019 0.023 0.027 0.031 0.035 0.039 0.043 0.048 0.052 0.057 0.061 0.065 0.069 0.072 0.075 0.079 0.082 0.084 0.086 0.088 0.090 0.092 0.094 0.096 0.097 0.098 0.099 0.100 0.100 0.101 0.102 0.102 0.103 0.104 0.104 0.105 0.106 0.106 0.107 0.107 0.107 0.107 0.107 0.107 0.107 0.106 0.106 0.105 0.104 0.103 0.103 0.102
-0.061 -0.057 -0.053 -0.049 -0.046 -0.041 -0.036 -0.031 -0.027 -0.022 -0.017 -0.013 -0.008 0.010 0.028 0.019 0.011 0.014 0.017 0.021 0.025 0.029 0.033 0.037 0.040 0.044 0.048 0.052 0.056 0.060 0.063 0.067 0.071 0.073 0.076 0.079 0.082 0.084 0.086 0.087 0.089 0.091 0.093 0.094 0.095 0.096 0.097 0.097 0.098 0.099 0.100 0.100 0.101 0.102 0.102 0.103 0.103 0.104 0.104 0.105 0.105 0.105 0.105 0.105 0.105 0.104 0.104 0.103 0.102 0.102 0.101 0.101
-0.052 -0.048 -0.045 -0.041 -0.038 -0.033 -0.028 -0.023 -0.018 -0.014 -0.009 -0.004 0.000 0.031 0.061 0.040 0.019 0.022 0.024 0.028 0.032 0.035 0.039 0.042 0.046 0.049 0.052 0.056 0.059 0.063 0.066 0.069 0.072 0.074 0.077 0.079 0.082 0.083 0.085 0.086 0.088 0.090 0.091 0.092 0.093 0.094 0.094 0.095 0.096 0.097 0.097 0.098 0.099 0.100 0.100 0.101 0.101 0.102 0.102 0.102 0.103 0.103 0.103 0.103 0.103 0.103 0.102 0.101 0.100 0.100 0.100 0.099
-0.043 -0.040 -0.037 -0.033 -0.030 -0.025 -0.020 -0.015 -0.011 -0.006 -0.001 0.003 0.008 0.026 0.044 0.035 0.026 0.028 0.030 0.034 0.037 0.040 0.044 0.046 0.049 0.053 0.056 0.059 0.062 0.065 0.068 0.071 0.073 0.075 0.077 0.079 0.082 0.083 0.085 0.086 0.088 0.089 0.090 0.091 0.092 0.093 0.093 0.094 0.095 0.095 0.096 0.096 0.097 0.098 0.098 0.099 0.099 0.100 0.100 0.100 0.101 0.101 0.101 0.101 0.101 0.101 0.101 0.100 0.099 0.099 0.099 0.099
-0.034 -0.031 -0.028 -0.025 -0.022 -0.017 -0.012 -0.008 -0.003 0.002 0.006 0.011 0.015 0.021 0.026 0.029 0.033 0.034 0.036 0.039 0.043 0.045 0.048 0.051 0.053 0.056 0.059 0.062 0.065 0.067 0.070 0.072 0.074 0.076 0.078 0.080 0.082 0.083 0.084 0.086 0.087 0.088 0.089 0.090 0.091 0.092 0.092 0.093 0.094 0.094 0.094 0.095 0.095 0.096 0.096 0.097 0.097 0.098 0.098 0.098 0.099 0.099 0.099 0.099 0.099 0.099 0.099 0.098 0.098 0.098 0.098 0.098
-0.025 -0.023 -0.020 -0.017 -0.013 -0.009 -0.005 -0.000 0.004 0.008 0.013 0.017 0.021 0.026 0.030 0.034 0.037 0.039 0.041 0.044 0.048 0.050 0.052 0.055 0.057 0.060 0.063 0.065 0.068 0.070 0.072 0.074 0.076 0.078 0.079 0.081 0.083 0.084 0.085 0.086 0.087 0.088 0.090 0.090 0.091 0.092 0.093 0.093 0.094 0.095 0.095 0.095 0.095 0.096 0.096 0.097 0.097 0.098 0.098 0.099 0.099 0.100 0.100 0.101 0.101 0.101 0.101 0.100 0.100 0.099 0.099 0.099
-0.016 -0.014 -0.012 -0.009 -0.005 -0.001 0.003 0.007 0.011 0.015 0.019 0.023 0.027 0.030 0.034 0.038 0.041 0.044 0.046 0.049 0.052 0.055 0.057 0.059 0.061 0.064 0.066 0.068 0.071 0.073 0.074 0.076 0.078 0.079 0.081 0.082 0.084 0.085 0.086 0.087 0.088 0.089 0.090 0.091 0.091 0.092 0.093 0.094 0.095 0.095 0.095 0.095 0.095 0.096 0.096 0.096 0.097 0.098 0.099 0.099 0.100 0.101 0.102 0.102 0.103 0.103 0.103 0.102 0.101 0.101 0.100 0.101
-0.006 -0.005 -0.004 -0.001 0.002 0.006 0.010 0.013 0.017 0.021 0.025 0.029 0.032 0.036 0.039 0.043 0.046 0.049 0.051 0.054 0.057 0.059 0.061 0.063 0.065 0.068 0.070 0.072 0.074 0.076 0.077 0.079 0.080 0.082 0.083 0.085 0.086 0.087 0.088 0.089 0.090 0.091 0.091 0.092 0.093 0.094 0.095 0.095 0.096 0.097 0.097 0.097 0.098 0.098 0.099 0.099 0.100 0.100 0.101 0.102 0.102 0.104 0.105 0.106 0.107 0.108 0.108 0.108 0.107 0.107 0.106 0.105
0.005 0.004 0.003 0.007 0.010 0.013 0.016 0.020 0.023 0.027 0.031 0.034 0.038 0.041 0.044 0.048 0.051 0.053 0.056 0.059 0.062 0.064 0.066 0.068 0.070 0.072 0.074 0.076 0.078 0.079 0.080 0.081 0.083 0.084 0.086 0.087 0.089 0.090 0.091 0.091 0.092 0.092 0.093 0.094 0.095 0.095 0.096 0.097 0.098 0.098 0.099 0.099 0.100 0.100 0.101 0.102 0.103 0.103 0.103 0.104 0.105 0.107 0.109 0.110 0.111 0.112 0.113 0.113 0.114 0.112 0.111 0.110
0.013 0.012 0.011 0.014 0.017 0.020 0.023 0.026 0.029 0.033 0.037 0.040 0.043 0.046 0.050 0.053 0.055 0.058 0.061 0.063 0.065 0.067 0.069 0.071 0.073 0.075 0.077 0.079 0.081 0.082 0.083 0.085 0.086 0.087 0.089 0.090 0.091 0.092 0.093 0.094 0.094 0.095 0.096 0.096 0.097 0.098 0.098 0.099 0.100 0.101 0.101 0.102 0.103 0.104 0.105 0.106 0.107 0.107 0.108 0.113 0.118 0.116 0.113 0.114 0.116 0.116 0.117 0.117 0.117 0.116 0.116 0.115
0.022 0.020 0.018 0.021 0.024 0.027 0.029 0.032 0.035 0.039 0.042 0.045 0.049 0.052 0.055 0.058 0.060 0.062 0.065 0.067 0.069 0.071 0.072 0.075 0.077 0.079 0.081 0.082 0.084 0.085 0.086 0.088 0.089 0.090 0.092 0.093 0.094 0.095 0.096 0.097 0.097 0.098 0.098 0.099 0.099 0.100 0.101 0.102 0.102 0.103 0.104 0.105 0.106 0.107 0.109 0.110 0.111 0.112 0.112 0.122 0.132 0.125 0.117 0.119 0.120 0.120 0.120 0.121 0.121 0.121 0.121 0.121
0.024 0.024 0.023 0.026 0.029 0.032 0.035 0.038 0.041 0.044 0.047 0.050 0.052 0.056 0.059 0.061 0.064 0.065 0.067 0.069 0.071 0.073 0.075 0.077 0.079 0.081 0.083 0.084 0.086 0.087 0.089 0.090 0.092 0.093 0.094 0.095 0.097 0.097 0.098 0.099 0.099 0.100 0.100 0.101 0.102 0.102 0.103 0.104 0.105 0.106 0.107 0.108 0.109 0.111 0.112 0.114 0.115 0.116 0.117 0.123 0.128 0.125 0.121 0.122 0.123 0.124 0.124 0.125 0.125 0.125 0.126 0.126
0.027 0.028 0.029 0.032 0.035 0.038 0.041 0.044 0.047 0.049 0.052 0.054 0.056 0.059 0.063 0.065 0.067 0.068 0.070 0.072 0.073 0.075 0.077 0.079 0.081 0.083 0.084 0.086 0.088 0.090 0.091 0.093 0.094 0.095 0.096 0.098 0.099 0.100 0.100 0.101 0.101 0.102 0.103 0.103 0.104 0.105 0.106 0.107 0.108 0.109 0.110 0.111 0.112 0.114 0.116 0.118 0.119 0.121 0.122 0.123 0.124 0.124 0.125 0.126 0.127 0.128 0.128 0.129 0.129 0.130 0.131 0.131
0.033 0.034 0.035 0.038 0.040 0.043 0.045 0.048 0.051 0.053 0.056 0.058 0.060 0.063 0.066 0.067 0.069 0.070 0.072 0.073 0.075 0.077 0.079 0.081 0.082 0.084 0.086 0.088 0.090 0.091 0.093 0.095 0.096 0.097 0.098 0.099 0.100 0.101 0.102 0.103 0.103 0.104 0.105 0.105 0.106 0.107 0.108 0.109 0.111 0.112 0.113 0.114 0.116 0.118 0.120 0.122 0.124 0.125 0.126 0.127 0.128 0.129 0.130 0.131 0.132 0.133 0.134 0.135 0.135 0.136 0.137 0.138
0.038 0.040 0.041 0.043 0.045 0.048 0.050 0.053 0.055 0.057 0.059 0.061 0.063 0.066 0.068 0.070 0.071 0.073 0.074 0.075 0.077 0.079 0.081 0.082 0.084 0.086 0.088 0.090 0.092 0.093 0.095 0.096 0.098 0.099 0.100 0.101 0.102 0.103 0.104 0.105 0.105 0.106 0.107 0.107 0.108 0.109 0.111 0.112 0.113 0.115 0.116 0.118 0.119 0.122 0.124 0.126 0.128 0.129 0.130 0.131 0.132 0.133 0.134 0.135 0.137 0.138 0.139 0.140 0.141 0.143 0.144 0.145
0.043 0.045 0.046 0.048 0.049 0.052 0.054 0.056 0.058 0.060 0.062 0.064 0.066 0.068 0.071 0.072 0.074 0.075 0.076 0.078 0.079 0.081 0.083 0.085 0.086 0.088 0.090 0.092 0.094 0.095 0.097 0.098 0.100 0.101 0.102 0.103 0.104 0.105 0.106 0.106 0.107 0.108 0.108 0.109 0.110 0.112 0.113 0.115 0.116 0.117 0.119 0.121 0.123 0.125 0.127 0.129 0.130 0.132 0.133 0.135 0.136 0.137 0.138 0.140 0.141 0.143 0.144 0.146 0.147 0.149 0.150 0.151
0.048 0.050 0.051 0.052 0.053 0.055 0.057 0.059 0.061 0.063 0.065 0.067 0.069 0.071 0.073 0.074 0.076 0.077 0.078 0.080 0.082 0.084 0.086 0.087 0.089 0.090 0.092 0.094 0.096 0.098 0.099 0.100 0.102 0.103 0.103 0.104 0.105 0.106 0.107 0.108 0.109 0.110 0.110 0.111 0.113 0.114 0.115 0.117 0.119 0.120 0.122 0.124 0.126 0.128 0.130 0.132 0.133 0.135 0.136 0.138 0.140 0.141 0.143 0.144 0.146 0.148 0.150 0.151 0.153 0.155 0.157 0.158
0.053 0.054 0.054 0.055 0.056 0.058 0.060 0.062 0.064 0.066 0.067 0.069 0.071 0.073 0.076 0.077 0.079 0.080 0.082 0.083 0.085 0.087 0.089 0.090 0.091 0.093 0.095 0.096 0.098 0.100 0.101 0.102 0.103 0.104 0.105 0.106 0.107 0.108 0.109 0.110 0.111 0.111 0.112 0.113 0.115 0.116 0.118 0.120 0.121 0.123 0.124 0.126 0.128 0.130 0.132 0.134 0.136 0.138 0.139 0.141 0.143 0.145 0.146 0.148 0.150 0.152 0.154 0.156 0.158 0.160 0.163 0.164
0.057 0.057 0.058 0.059 0.060 0.061 0.063 0.065 0.067 0.068 0.070 0.072 0.074 0.076 0.078 0.080 0.082 0.083 0.085 0.087 0.088 0.090 0.091 0.093 0.094 0.095 0.097 0.099 0.100 0.102 0.103 0.104 0.105 0.106 0.107 0.108 0.109 0.110 0.111 0.112 0.112 0.113 0.114 0.115 0.117 0.118 0.120 0.122 0.124 0.126 0.127 0.129 0.131 0.133 0.135 0.137 0.138 0.140 0.142 0.144 0.146 0.148 0.150 0.153 0.155 0.157 0.159 0.162 0.164 0.166 0.168 0.171
0.059 0.060 0.061 0.062 0.063 0.065 0.067 0.068 0.070 0.071 0.072 0.074 0.076 0.079 0.081 0.082 0.084 0.086 0.087 0.089 0.090 0.092 0.093 0.095 0.096 0.097 0.099 0.100 0.102 0.103 0.104 0.105 0.107 0.108 0.108 0.109 0.110 0.111 0.112 0.112 0.113 0.114 0.115 0.116 0.118 0.119 0.121 0.123 0.125 0.126 0.128 0.130 0.132 0.134 0.135 0.137 0.139 0.141 0.143 0.145 0.147 0.149 0.152 0.154 0.156 0.158 0.161 0.163 0.165 0.168 0.171 0.173
