211007T114700_210824T225103_210726_sos_CMIP6_ssp585_2071_2101_diff-0p5deg.txt
ncols 719
nrows 359
xllcorner 0.0
yllcorner 89.5
cellsize -0.5
NODATA_value -99999
[rows 288 to 319 of 359, columns 0 to 71 of 719]
-0.092 -0.094 -0.096 -0.096 -0.096 -0.095 -0.094 -0.092 -0.089 -0.087 -0.084 -0.083 -0.081 -0.081 -0.081 -0.082 -0.084 -0.086 -0.088 -0.090 -0.093 -0.094 -0.096 -0.098 -0.099 -0.102 -0.104 -0.106 -0.108 -0.111 -0.113 -0.115 -0.117 -0.119 -0.121 -0.122 -0.123 -0.123 -0.124 -0.124 -0.125 -0.126 -0.128 -0.129 -0.131 -0.133 -0.134 -0.135 -0.136 -0.136 -0.136 -0.135 -0.135 -0.135 -0.134 -0.134 -0.134 -0.134 -0.134 -0.134 -0.134 -0.135 -0.135 -0.135 -0.135 -0.135 -0.136 -0.136 -0.137 -0.138 -0.138 -0.138
-0.085 -0.087 -0.088 -0.088 -0.088 -0.087 -0.086 -0.084 -0.083 -0.081 -0.079 -0.078 -0.076 -0.075 -0.075 -0.075 -0.076 -0.078 -0.080 -0.082 -0.084 -0.086 -0.087 -0.089 -0.090 -0.092 -0.094 -0.097 -0.099 -0.101 -0.104 -0.106 -0.109 -0.111 -0.113 -0.114 -0.115 -0.115 -0.116 -0.116 -0.117 -0.118 -0.119 -0.121 -0.122 -0.124 -0.126 -0.127 -0.127 -0.127 -0.127 -0.127 -0.127 -0.127 -0.127 -0.127 -0.127 -0.127 -0.127 -0.128 -0.128 -0.128 -0.128 -0.128 -0.129 -0.129 -0.129 -0.130 -0.131 -0.132 -0.132 -0.132
-0.078 -0.079 -0.080 -0.080 -0.080 -0.079 -0.078 -0.077 -0.076 -0.075 -0.074 -0.072 -0.071 -0.070 -0.069 -0.069 -0.069 -0.070 -0.071 -0.073 -0.076 -0.077 -0.079 -0.080 -0.081 -0.083 -0.085 -0.087 -0.090 -0.092 -0.095 -0.098 -0.100 -0.102 -0.104 -0.105 -0.107 -0.108 -0.108 -0.109 -0.109 -0.110 -0.111 -0.112 -0.113 -0.115 -0.117 -0.118 -0.119 -0.118 -0.118 -0.118 -0.118 -0.119 -0.119 -0.120 -0.120 -0.121 -0.121 -0.121 -0.121 -0.121 -0.122 -0.122 -0.122 -0.123 -0.123 -0.124 -0.125 -0.125 -0.126 -0.126
-0.074 -0.074 -0.074 -0.074 -0.074 -0.073 -0.072 -0.071 -0.070 -0.069 -0.067 -0.066 -0.065 -0.064 -0.063 -0.063 -0.063 -0.064 -0.065 -0.067 -0.069 -0.070 -0.072 -0.073 -0.074 -0.075 -0.077 -0.079 -0.081 -0.083 -0.085 -0.087 -0.089 -0.091 -0.093 -0.094 -0.095 -0.096 -0.097 -0.097 -0.098 -0.099 -0.100 -0.101 -0.102 -0.104 -0.105 -0.105 -0.105 -0.105 -0.104 -0.105 -0.106 -0.106 -0.107 -0.108 -0.109 -0.109 -0.110 -0.110 -0.110 -0.110 -0.110 -0.110 -0.111 -0.111 -0.112 -0.112 -0.113 -0.114 -0.114 -0.114
-0.069 -0.069 -0.069 -0.068 -0.068 -0.067 -0.066 -0.065 -0.064 -0.063 -0.061 -0.060 -0.059 -0.058 -0.057 -0.057 -0.056 -0.057 -0.058 -0.060 -0.062 -0.063 -0.065 -0.066 -0.067 -0.068 -0.070 -0.071 -0.073 -0.074 -0.076 -0.077 -0.078 -0.080 -0.081 -0.082 -0.084 -0.084 -0.085 -0.086 -0.087 -0.089 -0.090 -0.091 -0.091 -0.092 -0.092 -0.092 -0.092 -0.091 -0.091 -0.092 -0.093 -0.094 -0.095 -0.096 -0.097 -0.098 -0.098 -0.098 -0.098 -0.098 -0.099 -0.099 -0.099 -0.100 -0.100 -0.101 -0.101 -0.102 -0.103 -0.103
-0.062 -0.061 -0.060 -0.058 -0.057 -0.056 -0.055 -0.054 -0.053 -0.052 -0.051 -0.050 -0.049 -0.049 -0.049 -0.049 -0.049 -0.050 -0.051 -0.053 -0.054 -0.055 -0.056 -0.057 -0.058 -0.059 -0.059 -0.061 -0.062 -0.063 -0.064 -0.066 -0.067 -0.068 -0.069 -0.070 -0.071 -0.072 -0.073 -0.074 -0.075 -0.076 -0.077 -0.078 -0.079 -0.079 -0.080 -0.079 -0.079 -0.079 -0.079 -0.080 -0.081 -0.082 -0.082 -0.083 -0.084 -0.085 -0.085 -0.085 -0.085 -0.085 -0.085 -0.085 -0.085 -0.086 -0.086 -0.086 -0.087 -0.088 -0.088 -0.089
-0.054 -0.052 -0.050 -0.049 -0.047 -0.045 -0.044 -0.043 -0.042 -0.041 -0.040 -0.040 -0.040 -0.040 -0.040 -0.041 -0.042 -0.043 -0.045 -0.046 -0.047 -0.047 -0.048 -0.048 -0.048 -0.049 -0.049 -0.050 -0.051 -0.052 -0.053 -0.054 -0.055 -0.056 -0.057 -0.058 -0.059 -0.060 -0.061 -0.062 -0.063 -0.064 -0.065 -0.065 -0.066 -0.066 -0.067 -0.067 -0.066 -0.067 -0.067 -0.068 -0.068 -0.069 -0.070 -0.071 -0.072 -0.072 -0.072 -0.072 -0.071 -0.072 -0.072 -0.072 -0.072 -0.072 -0.072 -0.072 -0.073 -0.073 -0.074 -0.075
-0.044 -0.041 -0.039 -0.037 -0.035 -0.033 -0.032 -0.031 -0.030 -0.030 -0.031 -0.031 -0.032 -0.032 -0.033 -0.034 -0.035 -0.036 -0.038 -0.038 -0.039 -0.039 -0.039 -0.039 -0.039 -0.039 -0.039 -0.040 -0.040 -0.042 -0.043 -0.044 -0.045 -0.046 -0.047 -0.048 -0.049 -0.050 -0.052 -0.053 -0.054 -0.054 -0.055 -0.056 -0.056 -0.056 -0.056 -0.056 -0.056 -0.056 -0.056 -0.057 -0.057 -0.057 -0.058 -0.058 -0.059 -0.058 -0.058 -0.058 -0.058 -0.058 -0.058 -0.058 -0.058 -0.058 -0.058 -0.059 -0.059 -0.060 -0.061 -0.062
-0.034 -0.031 -0.028 -0.025 -0.022 -0.021 -0.019 -0.019 -0.019 -0.020 -0.021 -0.022 -0.024 -0.025 -0.026 -0.027 -0.029 -0.030 -0.030 -0.031 -0.031 -0.030 -0.030 -0.030 -0.029 -0.029 -0.028 -0.029 -0.030 -0.031 -0.032 -0.033 -0.034 -0.036 -0.037 -0.039 -0.040 -0.041 -0.042 -0.043 -0.044 -0.045 -0.046 -0.046 -0.046 -0.046 -0.046 -0.046 -0.046 -0.046 -0.046 -0.046 -0.045 -0.046 -0.046 -0.046 -0.046 -0.045 -0.045 -0.045 -0.044 -0.044 -0.044 -0.044 -0.044 -0.044 -0.045 -0.045 -0.046 -0.047 -0.048 -0.050
-0.024 -0.021 -0.018 -0.016 -0.014 -0.013 -0.012 -0.012 -0.013 -0.014 -0.015 -0.017 -0.018 -0.020 -0.021 -0.023 -0.024 -0.025 -0.025 -0.025 -0.025 -0.025 -0.024 -0.024 -0.023 -0.022 -0.022 -0.022 -0.023 -0.024 -0.025 -0.026 -0.027 -0.029 -0.030 -0.031 -0.032 -0.033 -0.034 -0.035 -0.036 -0.036 -0.037 -0.038 -0.038 -0.038 -0.038 -0.038 -0.038 -0.037 -0.037 -0.037 -0.036 -0.036 -0.036 -0.036 -0.035 -0.035 -0.035 -0.035 -0.035 -0.035 -0.035 -0.035 -0.035 -0.036 -0.036 -0.037 -0.038 -0.039 -0.040 -0.042
-0.015 -0.012 -0.009 -0.007 -0.005 -0.005 -0.004 -0.005 -0.006 -0.008 -0.009 -0.011 -0.013 -0.015 -0.017 -0.018 -0.019 -0.019 -0.020 -0.020 -0.020 -0.019 -0.019 -0.018 -0.017 -0.016 -0.015 -0.015 -0.015 -0.016 -0.017 -0.019 -0.020 -0.021 -0.022 -0.023 -0.024 -0.024 -0.025 -0.026 -0.027 -0.028 -0.029 -0.029 -0.030 -0.030 -0.030 -0.029 -0.029 -0.028 -0.028 -0.028 -0.027 -0.027 -0.026 -0.025 -0.025 -0.025 -0.025 -0.025 -0.025 -0.026 -0.026 -0.026 -0.027 -0.028 -0.028 -0.029 -0.030 -0.031 -0.032 -0.034
-0.005 -0.002 -0.000 0.000 0.001 0.000 -0.001 -0.002 -0.004 -0.006 -0.008 -0.009 -0.011 -0.013 -0.014 -0.015 -0.016 -0.016 -0.017 -0.016 -0.016 -0.015 -0.014 -0.013 -0.013 -0.012 -0.011 -0.011 -0.011 -0.011 -0.012 -0.013 -0.014 -0.015 -0.016 -0.016 -0.017 -0.018 -0.019 -0.020 -0.021 -0.022 -0.023 -0.023 -0.024 -0.024 -0.024 -0.024 -0.024 -0.023 -0.023 -0.023 -0.022 -0.022 -0.022 -0.022 -0.021 -0.022 -0.022 -0.022 -0.023 -0.023 -0.024 -0.024 -0.025 -0.026 -0.026 -0.027 -0.028 -0.029 -0.030 -0.031
0.006 0.007 0.008 0.007 0.007 0.005 0.003 0.001 -0.001 -0.004 -0.006 -0.008 -0.010 -0.011 -0.012 -0.012 -0.013 -0.013 -0.013 -0.013 -0.012 -0.011 -0.010 -0.009 -0.008 -0.007 -0.006 -0.006 -0.006 -0.006 -0.007 -0.007 -0.008 -0.008 -0.009 -0.009 -0.010 -0.011 -0.013 -0.014 -0.015 -0.016 -0.017 -0.017 -0.018 -0.018 -0.018 -0.018 -0.019 -0.018 -0.018 -0.018 -0.018 -0.018 -0.018 -0.018 -0.018 -0.018 -0.019 -0.019 -0.020 -0.020 -0.021 -0.022 -0.023 -0.024 -0.024 -0.025 -0.026 -0.027 -0.028 -0.029
0.011 0.011 0.011 0.010 0.008 0.006 0.004 0.002 -0.000 -0.002 -0.004 -0.006 -0.007 -0.008 -0.009 -0.009 -0.010 -0.010 -0.009 -0.009 -0.008 -0.007 -0.006 -0.005 -0.004 -0.003 -0.002 -0.002 -0.002 -0.002 -0.003 -0.003 -0.004 -0.005 -0.005 -0.006 -0.007 -0.008 -0.009 -0.010 -0.012 -0.012 -0.013 -0.013 -0.014 -0.014 -0.014 -0.014 -0.014 -0.014 -0.014 -0.014 -0.014 -0.014 -0.014 -0.014 -0.015 -0.015 -0.016 -0.016 -0.017 -0.018 -0.019 -0.020 -0.021 -0.021 -0.022 -0.023 -0.024 -0.024 -0.025 -0.026
0.017 0.015 0.014 0.012 0.009 0.007 0.005 0.003 0.001 -0.001 -0.002 -0.004 -0.005 -0.005 -0.006 -0.006 -0.007 -0.006 -0.006 -0.005 -0.003 -0.002 -0.001 -0.001 0.000 0.001 0.002 0.002 0.002 0.001 0.001 0.000 0.000 -0.001 -0.001 -0.002 -0.004 -0.005 -0.006 -0.007 -0.008 -0.009 -0.009 -0.009 -0.009 -0.010 -0.010 -0.010 -0.010 -0.010 -0.010 -0.010 -0.010 -0.010 -0.010 -0.011 -0.011 -0.012 -0.012 -0.013 -0.014 -0.015 -0.016 -0.017 -0.018 -0.019 -0.020 -0.021 -0.021 -0.022 -0.023 -0.024
0.018 0.016 0.015 0.013 0.011 0.009 0.007 0.006 0.004 0.003 0.002 0.001 -0.000 -0.001 -0.002 -0.002 -0.002 -0.002 -0.002 -0.001 -0.001 -0.000 0.001 0.001 0.002 0.002 0.003 0.002 0.002 0.002 0.002 0.001 0.001 0.001 0.000 -0.001 -0.002 -0.002 -0.003 -0.003 -0.004 -0.004 -0.004 -0.005 -0.005 -0.005 -0.005 -0.005 -0.005 -0.005 -0.006 -0.006 -0.006 -0.006 -0.007 -0.007 -0.008 -0.009 -0.010 -0.011 -0.012 -0.013 -0.015 -0.016 -0.017 -0.018 -0.019 -0.020 -0.020 -0.021 -0.021 -0.022
0.019 0.017 0.016 0.014 0.013 0.011 0.010 0.009 0.008 0.007 0.006 0.005 0.004 0.003 0.003 0.002 0.002 0.002 0.002 0.002 0.002 0.002 0.003 0.003 0.003 0.003 0.003 0.003 0.003 0.003 0.003 0.002 0.002 0.002 0.002 0.001 0.001 0.000 0.000 0.000 0.000 0.000 0.000 0.000 0.000 -0.000 -0.000 -0.000 -0.001 -0.001 -0.001 -0.002 -0.002 -0.003 -0.003 -0.004 -0.005 -0.006 -0.007 -0.009 -0.010 -0.011 -0.013 -0.014 -0.016 -0.017 -0.018 -0.019 -0.019 -0.020 -0.020 -0.020
0.015 0.014 0.012 0.011 0.010 0.009 0.008 0.008 0.007 0.006 0.005 0.005 0.004 0.003 0.002 0.002 0.001 0.001 0.001 0.001 0.001 0.001 0.001 0.001 0.002 0.002 0.002 0.002 0.001 0.001 0.001 0.001 0.001 0.002 0.002 0.003 0.003 0.003 0.003 0.003 0.003 0.003 0.002 0.002 0.002 0.001 0.001 0.000 -0.000 -0.001 -0.001 -0.002 -0.002 -0.003 -0.004 -0.006 -0.007 -0.009 -0.011 -0.013 -0.015 -0.018 -0.020 -0.023 -0.025 -0.027 -0.028 -0.029 -0.029 -0.028 -0.028 -0.026
0.012 0.010 0.009 0.008 0.008 0.007 0.007 0.006 0.006 0.005 0.005 0.004 0.003 0.003 0.002 0.001 0.001 0.000 -0.000 -0.000 -0.001 -0.000 -0.000 0.000 0.000 0.000 0.000 -0.000 -0.000 -0.000 -0.000 0.000 0.001 0.002 0.003 0.004 0.005 0.005 0.005 0.005 0.005 0.005 0.004 0.004 0.003 0.003 0.002 0.001 0.001 -0.000 -0.001 -0.002 -0.003 -0.004 -0.005 -0.007 -0.009 -0.012 -0.015 -0.018 -0.021 -0.024 -0.028 -0.031 -0.034 -0.036 -0.038 -0.039 -0.039 -0.037 -0.036 -0.033
0.008 0.008 0.008 0.008 0.008 0.008 0.008 0.007 0.006 0.005 0.003 0.002 0.000 -0.001 -0.003 -0.004 -0.005 -0.006 -0.008 -0.008 -0.009 -0.009 -0.010 -0.010 -0.010 -0.011 -0.012 -0.012 -0.012 -0.012 -0.012 -0.011 -0.010 -0.008 -0.006 -0.004 -0.002 -0.001 0.000 0.001 0.001 0.000 -0.000 -0.001 -0.002 -0.002 -0.003 -0.004 -0.005 -0.006 -0.007 -0.009 -0.010 -0.012 -0.015 -0.017 -0.020 -0.024 -0.028 -0.033 -0.038 -0.043 -0.048 -0.053 -0.058 -0.063 -0.067 -0.068 -0.070 -0.068 -0.066 -0.061
0.004 0.005 0.007 0.008 0.009 0.009 0.009 0.007 0.006 0.004 0.002 -0.001 -0.003 -0.005 -0.008 -0.009 -0.011 -0.013 -0.015 -0.016 -0.017 -0.018 -0.019 -0.020 -0.021 -0.022 -0.023 -0.024 -0.025 -0.024 -0.024 -0.022 -0.021 -0.018 -0.015 -0.012 -0.009 -0.007 -0.005 -0.004 -0.004 -0.004 -0.005 -0.006 -0.006 -0.007 -0.008 -0.009 -0.011 -0.012 -0.014 -0.016 -0.018 -0.021 -0.024 -0.028 -0.032 -0.037 -0.042 -0.048 -0.054 -0.061 -0.068 -0.075 -0.083 -0.089 -0.095 -0.098 -0.101 -0.099 -0.096 -0.089
0.001 0.003 0.004 0.005 0.006 0.005 0.004 0.002 -0.001 -0.003 -0.005 -0.008 -0.011 -0.014 -0.017 -0.020 -0.024 -0.027 -0.030 -0.033 -0.036 -0.038 -0.041 -0.044 -0.047 -0.049 -0.051 -0.053 -0.054 -0.054 -0.054 -0.052 -0.050 -0.045 -0.040 -0.035 -0.029 -0.025 -0.021 -0.019 -0.016 -0.016 -0.016 -0.016 -0.017 -0.018 -0.019 -0.020 -0.022 -0.024 -0.026 -0.029 -0.032 -0.035 -0.039 -0.044 -0.048 -0.054 -0.060 -0.067 -0.074 -0.083 -0.091 -0.101 -0.111 -0.119 -0.128 -0.132 -0.137 -0.136 -0.134 -0.127
-0.001 0.001 0.002 0.003 0.003 0.001 -0.001 -0.004 -0.007 -0.010 -0.013 -0.016 -0.019 -0.023 -0.027 -0.031 -0.036 -0.040 -0.045 -0.050 -0.054 -0.059 -0.063 -0.068 -0.072 -0.076 -0.079 -0.082 -0.084 -0.084 -0.084 -0.081 -0.079 -0.072 -0.065 -0.058 -0.050 -0.043 -0.037 -0.033 -0.029 -0.028 -0.027 -0.027 -0.027 -0.028 -0.029 -0.031 -0.033 -0.036 -0.038 -0.042 -0.045 -0.050 -0.054 -0.059 -0.065 -0.072 -0.079 -0.087 -0.095 -0.105 -0.115 -0.127 -0.139 -0.150 -0.160 -0.167 -0.173 -0.173 -0.173 -0.165
-0.009 -0.007 -0.005 -0.005 -0.004 -0.006 -0.009 -0.012 -0.015 -0.019 -0.022 -0.027 -0.031 -0.037 -0.042 -0.048 -0.055 -0.062 -0.070 -0.077 -0.086 -0.093 -0.100 -0.106 -0.112 -0.116 -0.120 -0.121 -0.123 -0.121 -0.120 -0.115 -0.111 -0.103 -0.095 -0.086 -0.077 -0.069 -0.062 -0.056 -0.051 -0.049 -0.046 -0.045 -0.044 -0.045 -0.046 -0.048 -0.050 -0.053 -0.056 -0.060 -0.065 -0.070 -0.076 -0.082 -0.088 -0.096 -0.103 -0.112 -0.121 -0.132 -0.143 -0.155 -0.167 -0.178 -0.188 -0.194 -0.201 -0.201 -0.201 -0.194
-0.016 -0.014 -0.012 -0.012 -0.011 -0.014 -0.017 -0.020 -0.023 -0.028 -0.032 -0.038 -0.044 -0.050 -0.057 -0.065 -0.074 -0.084 -0.094 -0.105 -0.117 -0.127 -0.137 -0.144 -0.152 -0.156 -0.160 -0.161 -0.162 -0.158 -0.155 -0.149 -0.143 -0.133 -0.124 -0.114 -0.105 -0.096 -0.087 -0.080 -0.074 -0.070 -0.066 -0.063 -0.061 -0.062 -0.062 -0.064 -0.067 -0.070 -0.074 -0.079 -0.085 -0.091 -0.097 -0.104 -0.111 -0.119 -0.128 -0.137 -0.147 -0.159 -0.170 -0.183 -0.195 -0.205 -0.216 -0.222 -0.228 -0.229 -0.229 -0.223
-0.033 -0.030 -0.027 -0.027 -0.026 -0.029 -0.032 -0.037 -0.041 -0.047 -0.053 -0.060 -0.068 -0.076 -0.084 -0.093 -0.103 -0.114 -0.125 -0.138 -0.150 -0.160 -0.171 -0.179 -0.186 -0.189 -0.192 -0.192 -0.191 -0.186 -0.182 -0.175 -0.168 -0.159 -0.150 -0.141 -0.132 -0.123 -0.115 -0.108 -0.102 -0.097 -0.093 -0.091 -0.089 -0.089 -0.089 -0.092 -0.095 -0.099 -0.103 -0.108 -0.114 -0.121 -0.127 -0.135 -0.142 -0.151 -0.160 -0.169 -0.179 -0.190 -0.201 -0.211 -0.222 -0.231 -0.239 -0.243 -0.247 -0.247 -0.246 -0.242
-0.049 -0.046 -0.042 -0.042 -0.041 -0.045 -0.048 -0.053 -0.059 -0.066 -0.074 -0.083 -0.092 -0.101 -0.111 -0.121 -0.132 -0.144 -0.157 -0.170 -0.183 -0.194 -0.206 -0.213 -0.220 -0.222 -0.224 -0.222 -0.220 -0.214 -0.209 -0.201 -0.193 -0.185 -0.176 -0.167 -0.158 -0.151 -0.143 -0.136 -0.130 -0.125 -0.121 -0.118 -0.116 -0.117 -0.117 -0.120 -0.123 -0.127 -0.132 -0.138 -0.144 -0.151 -0.157 -0.165 -0.173 -0.183 -0.192 -0.202 -0.211 -0.221 -0.231 -0.240 -0.249 -0.256 -0.263 -0.265 -0.267 -0.265 -0.263 -0.260
-0.111 -0.106 -0.102 -0.101 -0.100 -0.102 -0.105 -0.111 -0.117 -0.125 -0.133 -0.141 -0.150 -0.158 -0.166 -0.174 -0.182 -0.192 -0.201 -0.212 -0.223 -0.233 -0.243 -0.249 -0.256 -0.257 -0.259 -0.257 -0.255 -0.251 -0.247 -0.241 -0.235 -0.228 -0.221 -0.214 -0.206 -0.199 -0.192 -0.186 -0.180 -0.175 -0.170 -0.167 -0.165 -0.164 -0.164 -0.166 -0.168 -0.172 -0.176 -0.181 -0.187 -0.194 -0.200 -0.207 -0.215 -0.223 -0.232 -0.241 -0.250 -0.262 -0.275 -0.286 -0.298 -0.329 -0.360 -0.375 -0.390 -0.347 -0.305 -0.300
-0.173 -0.167 -0.162 -0.160 -0.158 -0.159 -0.161 -0.168 -0.175 -0.184 -0.193 -0.200 -0.208 -0.214 -0.221 -0.227 -0.233 -0.239 -0.246 -0.255 -0.264 -0.272 -0.281 -0.286 -0.291 -0.293 -0.294 -0.292 -0.290 -0.287 -0.284 -0.280 -0.276 -0.271 -0.267 -0.260 -0.255 -0.248 -0.241 -0.235 -0.229 -0.224 -0.219 -0.216 -0.213 -0.212 -0.210 -0.211 -0.213 -0.216 -0.220 -0.225 -0.231 -0.237 -0.243 -0.249 -0.256 -0.263 -0.271 -0.280 -0.290 -0.304 -99999 -0.333 -99999 -0.402 -99999 -0.485 -99999 -0.429 -99999 -0.340
-0.230 -0.229 -0.227 -0.225 -0.224 -0.225 -0.225 -0.230 -0.235 -0.241 -0.247 -0.252 -0.258 -0.262 -0.266 -0.270 -0.275 -0.280 -0.285 -0.291 -0.297 -0.302 -0.308 -0.311 -0.314 -0.313 -0.312 -0.312 -0.312 -0.310 -0.309 -0.310 -0.312 -0.307 -0.303 -0.296 -0.289 -0.285 -0.281 -0.277 -0.272 -0.269 -0.265 -0.266 -0.266 -0.259 -0.253 -0.253 -0.253 -0.254 -0.255 -0.259 -0.264 -0.269 -0.273 -0.285 -0.297 -0.308 -0.319 -0.342 -0.365 -99999 -99999 -99999 -99999 -99999 -99999 -99999 -99999 -99999 -99999 -99999
-0.288 -0.290 -0.293 -0.291 -0.290 -0.290 -0.290 -0.292 -0.294 -0.298 -99999 -0.304 -99999 -0.309 -99999 -0.314 -99999 -0.320 -99999 -0.327 -99999 -0.333 -99999 -0.336 -99999 -0.334 -99999 -0.333 -99999 -0.334 -99999 -0.340 -99999 -0.343 -99999 -0.332 -99999 -0.323 -99999 -0.319 -99999 -0.314 -99999 -0.315 -0.319 -0.307 -0.295 -0.294 -0.293 -0.291 -99999 -0.293 -99999 -0.300 -99999 -0.321 -99999 -0.352 -99999 -0.403 -99999 -99999 -99999 -99999 -99999 -99999 -99999 -99999 -99999 -99999 -99999 -99999
-0.311 -0.326 -0.341 -0.331 -0.320 -0.376 -0.432 -0.432 -0.431 -99999 -99999 -99999 -99999 -99999 -99999 -99999 -99999 -99999 -99999 -99999 -99999 -99999 -99999 -99999 -99999 -99999 -99999 -99999 -99999 -99999 -99999 -99999 -99999 -99999 -99999 -99999 -99999 -99999 -99999 -99999 -99999 -99999 -99999 -0.462 -0.344 -0.402 -0.460 -0.431 -0.402 -99999 -99999 -99999 -99999 -99999 -99999 -99999 -99999 -99999 -99999 -99999 -99999 -99999 -99999 -99999 -99999 -99999 -99999 -99999 -99999 -99999 -99999 -99999
