211007T114700_210824T225103_210726_sos_CMIP6_ssp585_2071_2101_diff-0p5deg.txt
ncols 719
nrows 359
xllcorner 0.0
yllcorner 89.5
cellsize -0.5
NODATA_value -99999
[rows 192 to 223 of 359, columns 360 to 431 of 719]
-0.540 -0.532 -0.524 -0.515 -0.506 -0.497 -0.488 -0.479 -0.471 -0.461 -0.452 -0.442 -0.433 -0.425 -0.418 -0.409 -0.400 -0.393 -0.385 -0.377 -0.370 -0.362 -0.353 -0.345 -0.337 -0.328 -0.320 -0.313 -0.306 -0.299 -0.293 -0.285 -0.278 -0.272 -0.266 -0.261 -0.255 -0.249 -0.243 -0.238 -0.233 -0.228 -0.223 -0.219 -0.214 -0.210 -0.206 -0.202 -0.198 -0.195 -0.192 -0.190 -0.187 -0.185 -0.183 -0.181 -0.179 -0.177 -0.175 -0.174 -0.172 -0.171 -0.170 -0.169 -0.168 -0.167 -0.166 -0.165 -0.164 -0.164 -0.164 -0.163
-0.518 -0.510 -0.502 -0.492 -0.483 -0.474 -0.464 -0.455 -0.446 -0.437 -0.427 -0.417 -0.408 -0.399 -0.390 -0.381 -0.372 -0.364 -0.355 -0.347 -0.339 -0.330 -0.321 -0.313 -0.304 -0.295 -0.286 -0.279 -0.271 -0.265 -0.258 -0.250 -0.243 -0.237 -0.231 -0.225 -0.219 -0.213 -0.207 -0.202 -0.197 -0.192 -0.188 -0.183 -0.179 -0.174 -0.170 -0.167 -0.163 -0.160 -0.157 -0.155 -0.153 -0.151 -0.149 -0.147 -0.145 -0.144 -0.142 -0.141 -0.140 -0.139 -0.139 -0.138 -0.137 -0.137 -0.137 -0.137 -0.137 -0.137 -0.137 -0.138
-0.496 -0.487 -0.479 -0.470 -0.460 -0.451 -0.441 -0.431 -0.422 -0.412 -0.403 -0.392 -0.382 -0.372 -0.363 -0.353 -0.343 -0.334 -0.326 -0.317 -0.308 -0.298 -0.288 -0.280 -0.272 -0.262 -0.253 -0.245 -0.237 -0.230 -0.223 -0.215 -0.208 -0.201 -0.195 -0.189 -0.183 -0.177 -0.171 -0.166 -0.162 -0.157 -0.152 -0.148 -0.143 -0.139 -0.135 -0.131 -0.128 -0.125 -0.122 -0.120 -0.118 -0.116 -0.115 -0.113 -0.111 -0.110 -0.109 -0.109 -0.108 -0.107 -0.107 -0.107 -0.107 -0.107 -0.108 -0.108 -0.109 -0.110 -0.111 -0.113
-0.464 -0.455 -0.447 -0.437 -0.428 -0.418 -0.408 -0.398 -0.388 -0.378 -0.368 -0.357 -0.347 -0.336 -0.326 -0.316 -0.306 -0.296 -0.287 -0.278 -0.268 -0.259 -0.249 -0.240 -0.231 -0.222 -0.213 -0.204 -0.196 -0.188 -0.180 -0.173 -0.165 -0.158 -0.151 -0.145 -0.138 -0.133 -0.127 -0.122 -0.117 -0.112 -0.108 -0.103 -0.099 -0.095 -0.091 -0.088 -0.085 -0.082 -0.079 -0.078 -0.076 -0.074 -0.073 -0.072 -0.070 -0.070 -0.070 -0.070 -0.069 -0.070 -0.070 -0.070 -0.071 -0.072 -0.073 -0.075 -0.076 -0.078 -0.080 -0.082
-0.432 -0.423 -0.414 -0.405 -0.395 -0.385 -0.375 -0.364 -0.354 -0.344 -0.333 -0.322 -0.311 -0.300 -0.289 -0.279 -0.269 -0.258 -0.248 -0.239 -0.229 -0.219 -0.209 -0.200 -0.191 -0.182 -0.172 -0.163 -0.154 -0.146 -0.138 -0.130 -0.122 -0.115 -0.107 -0.101 -0.094 -0.088 -0.083 -0.078 -0.073 -0.068 -0.063 -0.059 -0.055 -0.052 -0.048 -0.045 -0.042 -0.039 -0.037 -0.035 -0.034 -0.032 -0.031 -0.030 -0.030 -0.030 -0.030 -0.030 -0.031 -0.032 -0.032 -0.034 -0.035 -0.037 -0.038 -0.041 -0.044 -0.046 -0.049 -0.051
-0.397 -0.388 -0.379 -0.369 -0.359 -0.349 -0.339 -0.329 -0.318 -0.308 -0.298 -0.287 -0.277 -0.266 -0.255 -0.245 -0.235 -0.224 -0.213 -0.203 -0.193 -0.184 -0.174 -0.165 -0.155 -0.146 -0.137 -0.128 -0.120 -0.111 -0.103 -0.095 -0.087 -0.080 -0.072 -0.066 -0.059 -0.053 -0.048 -0.042 -0.037 -0.032 -0.027 -0.024 -0.020 -0.016 -0.013 -0.010 -0.007 -0.004 -0.002 -0.001 0.001 0.002 0.003 0.003 0.003 0.003 0.002 0.001 0.000 -0.001 -0.002 -0.004 -0.005 -0.007 -0.009 -0.012 -0.015 -0.018 -0.021 -0.023
-0.362 -0.353 -0.343 -0.333 -0.323 -0.313 -0.303 -0.293 -0.283 -0.273 -0.263 -0.252 -0.242 -0.232 -0.221 -0.211 -0.201 -0.189 -0.178 -0.168 -0.158 -0.148 -0.138 -0.129 -0.120 -0.111 -0.101 -0.093 -0.085 -0.077 -0.069 -0.061 -0.052 -0.045 -0.038 -0.031 -0.024 -0.018 -0.012 -0.007 -0.001 0.003 0.008 0.012 0.016 0.019 0.023 0.026 0.029 0.031 0.033 0.034 0.035 0.035 0.036 0.036 0.036 0.035 0.034 0.033 0.031 0.030 0.028 0.026 0.024 0.022 0.020 0.016 0.013 0.010 0.008 0.004
-0.332 -0.323 -0.314 -0.304 -0.294 -0.284 -0.274 -0.264 -0.254 -0.244 -0.234 -0.225 -0.215 -0.205 -0.195 -0.185 -0.175 -0.164 -0.154 -0.144 -0.134 -0.125 -0.115 -0.106 -0.097 -0.088 -0.079 -0.071 -0.063 -0.055 -0.047 -0.039 -0.031 -0.024 -0.016 -0.010 -0.003 0.003 0.008 0.014 0.019 0.024 0.029 0.033 0.037 0.040 0.044 0.047 0.050 0.051 0.053 0.054 0.055 0.056 0.056 0.056 0.056 0.055 0.054 0.053 0.052 0.050 0.048 0.046 0.044 0.042 0.040 0.037 0.034 0.031 0.029 0.025
-0.302 -0.293 -0.284 -0.274 -0.264 -0.255 -0.245 -0.235 -0.225 -0.216 -0.206 -0.197 -0.188 -0.178 -0.169 -0.159 -0.149 -0.139 -0.129 -0.120 -0.111 -0.101 -0.092 -0.083 -0.074 -0.065 -0.057 -0.049 -0.041 -0.033 -0.025 -0.017 -0.009 -0.002 0.005 0.011 0.018 0.024 0.029 0.035 0.040 0.045 0.050 0.054 0.058 0.062 0.065 0.068 0.070 0.072 0.074 0.075 0.076 0.076 0.077 0.076 0.076 0.075 0.074 0.073 0.072 0.070 0.068 0.066 0.065 0.063 0.061 0.058 0.055 0.052 0.050 0.047
-0.279 -0.270 -0.261 -0.252 -0.242 -0.233 -0.224 -0.214 -0.205 -0.196 -0.187 -0.178 -0.169 -0.160 -0.151 -0.142 -0.133 -0.124 -0.114 -0.105 -0.096 -0.087 -0.078 -0.070 -0.061 -0.053 -0.045 -0.037 -0.029 -0.022 -0.014 -0.007 0.001 0.007 0.014 0.020 0.027 0.032 0.038 0.043 0.049 0.053 0.058 0.062 0.066 0.070 0.074 0.076 0.079 0.080 0.082 0.083 0.084 0.085 0.085 0.085 0.085 0.085 0.084 0.083 0.083 0.081 0.080 0.079 0.077 0.075 0.073 0.071 0.069 0.066 0.064 0.061
-0.256 -0.247 -0.238 -0.229 -0.220 -0.211 -0.202 -0.193 -0.185 -0.176 -0.168 -0.159 -0.151 -0.142 -0.134 -0.125 -0.117 -0.108 -0.099 -0.091 -0.082 -0.074 -0.065 -0.057 -0.049 -0.041 -0.033 -0.025 -0.018 -0.011 -0.003 0.004 0.011 0.017 0.023 0.030 0.036 0.041 0.047 0.052 0.057 0.062 0.066 0.070 0.074 0.078 0.082 0.084 0.087 0.088 0.090 0.092 0.093 0.094 0.094 0.095 0.095 0.095 0.094 0.094 0.093 0.093 0.092 0.091 0.089 0.088 0.086 0.084 0.083 0.080 0.078 0.076
-0.239 -0.231 -0.222 -0.214 -0.205 -0.197 -0.188 -0.180 -0.172 -0.164 -0.156 -0.148 -0.140 -0.132 -0.123 -0.115 -0.107 -0.099 -0.090 -0.082 -0.074 -0.066 -0.058 -0.050 -0.042 -0.035 -0.028 -0.020 -0.013 -0.006 0.001 0.008 0.015 0.021 0.027 0.033 0.039 0.044 0.050 0.055 0.060 0.064 0.068 0.072 0.076 0.079 0.083 0.085 0.088 0.090 0.092 0.093 0.095 0.096 0.097 0.098 0.099 0.099 0.099 0.099 0.099 0.098 0.098 0.097 0.096 0.095 0.093 0.092 0.090 0.088 0.087 0.085
-0.222 -0.214 -0.207 -0.199 -0.191 -0.183 -0.175 -0.167 -0.160 -0.152 -0.144 -0.137 -0.129 -0.121 -0.113 -0.105 -0.097 -0.090 -0.082 -0.074 -0.067 -0.059 -0.052 -0.044 -0.036 -0.029 -0.022 -0.015 -0.009 -0.001 0.006 0.012 0.019 0.025 0.030 0.036 0.042 0.047 0.053 0.057 0.062 0.066 0.070 0.073 0.077 0.080 0.083 0.086 0.089 0.091 0.093 0.095 0.097 0.099 0.100 0.101 0.103 0.103 0.104 0.104 0.104 0.104 0.104 0.103 0.103 0.102 0.101 0.099 0.098 0.097 0.095 0.093
-0.210 -0.203 -0.196 -0.189 -0.182 -0.174 -0.167 -0.159 -0.152 -0.145 -0.137 -0.130 -0.123 -0.109 -0.095 -0.093 -0.091 -0.083 -0.076 -0.069 -0.062 -0.054 -0.047 -0.039 -0.032 -0.025 -0.018 -0.012 -0.006 0.001 0.008 0.014 0.021 0.026 0.032 0.038 0.043 0.048 0.053 0.058 0.062 0.066 0.070 0.074 0.077 0.080 0.084 0.087 0.089 0.092 0.094 0.097 0.099 0.100 0.102 0.103 0.104 0.105 0.106 0.106 0.106 0.107 0.107 0.107 0.106 0.106 0.105 0.105 0.104 0.102 0.101 0.099
-0.197 -0.191 -0.185 -0.179 -0.173 -0.165 -0.158 -0.151 -0.144 -0.137 -0.130 -0.123 -0.117 -0.097 -0.078 -0.081 -0.084 -0.077 -0.071 -0.064 -0.056 -0.049 -0.042 -0.035 -0.028 -0.021 -0.015 -0.009 -0.002 0.004 0.010 0.017 0.023 0.028 0.033 0.039 0.044 0.049 0.054 0.059 0.063 0.067 0.070 0.074 0.077 0.080 0.084 0.087 0.090 0.093 0.095 0.098 0.100 0.102 0.104 0.105 0.106 0.107 0.108 0.108 0.109 0.109 0.110 0.110 0.110 0.110 0.110 0.110 0.109 0.108 0.107 0.105
-0.183 -0.178 -0.173 -0.167 -0.162 -0.155 -0.148 -0.142 -0.135 -0.128 -0.122 -0.115 -0.107 -0.094 -0.080 -0.079 -0.077 -0.071 -0.065 -0.057 -0.050 -0.044 -0.037 -0.030 -0.024 -0.017 -0.011 -0.005 0.001 0.007 0.013 0.019 0.025 0.031 0.036 0.042 0.047 0.052 0.057 0.061 0.066 0.069 0.073 0.077 0.080 0.084 0.087 0.090 0.094 0.096 0.098 0.101 0.103 0.105 0.106 0.107 0.108 0.109 0.110 0.111 0.111 0.112 0.112 0.113 0.114 0.114 0.115 0.115 0.114 0.113 0.113 0.111
-0.169 -0.165 -0.161 -0.156 -0.151 -0.145 -0.139 -0.132 -0.126 -0.119 -0.113 -0.106 -0.098 -0.090 -0.082 -0.076 -0.070 -0.064 -0.058 -0.051 -0.044 -0.038 -0.032 -0.025 -0.019 -0.013 -0.007 -0.001 0.005 0.011 0.016 0.022 0.028 0.034 0.039 0.045 0.050 0.055 0.060 0.064 0.068 0.072 0.076 0.080 0.083 0.087 0.090 0.093 0.097 0.099 0.101 0.104 0.106 0.107 0.109 0.110 0.111 0.112 0.113 0.113 0.114 0.114 0.115 0.116 0.118 0.118 0.119 0.119 0.119 0.119 0.118 0.117
-0.149 -0.146 -0.144 -0.140 -0.136 -0.130 -0.124 -0.118 -0.112 -0.106 -0.100 -0.094 -0.087 -0.080 -0.073 -0.067 -0.061 -0.056 -0.050 -0.043 -0.036 -0.030 -0.024 -0.018 -0.012 -0.006 -0.000 0.005 0.011 0.017 0.022 0.028 0.033 0.039 0.044 0.050 0.055 0.060 0.065 0.069 0.074 0.078 0.082 0.085 0.089 0.092 0.096 0.099 0.102 0.104 0.107 0.109 0.111 0.113 0.114 0.115 0.116 0.117 0.118 0.119 0.119 0.120 0.121 0.122 0.124 0.124 0.125 0.125 0.126 0.125 0.125 0.125
-0.130 -0.128 -0.127 -0.124 -0.121 -0.116 -0.110 -0.105 -0.099 -0.093 -0.087 -0.081 -0.076 -0.070 -0.063 -0.058 -0.053 -0.047 -0.041 -0.034 -0.028 -0.023 -0.017 -0.011 -0.005 0.000 0.006 0.012 0.017 0.023 0.028 0.034 0.039 0.044 0.049 0.055 0.060 0.065 0.070 0.074 0.079 0.083 0.087 0.091 0.094 0.098 0.101 0.104 0.108 0.110 0.112 0.114 0.116 0.118 0.119 0.120 0.121 0.122 0.123 0.124 0.125 0.126 0.127 0.128 0.129 0.130 0.131 0.132 0.132 0.132 0.132 0.132
-0.110 -0.110 -0.110 -0.108 -0.105 -0.101 -0.096 -0.091 -0.086 -0.080 -0.075 -0.070 -0.064 -0.059 -0.053 -0.048 -0.042 -0.037 -0.031 -0.025 -0.019 -0.014 -0.008 -0.003 0.003 0.009 0.015 0.020 0.026 0.031 0.036 0.041 0.047 0.052 0.057 0.062 0.068 0.072 0.077 0.082 0.086 0.090 0.094 0.098 0.101 0.105 0.108 0.112 0.115 0.117 0.119 0.121 0.123 0.125 0.126 0.127 0.129 0.130 0.131 0.132 0.133 0.135 0.136 0.138 0.139 0.141 0.142 0.142 0.143 0.143 0.142 0.142
-0.090 -0.092 -0.094 -0.092 -0.090 -0.086 -0.082 -0.077 -0.073 -0.068 -0.063 -0.058 -0.053 -0.048 -0.042 -0.037 -0.032 -0.026 -0.021 -0.015 -0.009 -0.004 0.001 0.006 0.012 0.018 0.023 0.028 0.034 0.039 0.044 0.049 0.054 0.060 0.065 0.070 0.075 0.080 0.085 0.089 0.093 0.097 0.102 0.105 0.109 0.112 0.116 0.119 0.122 0.124 0.126 0.128 0.131 0.132 0.134 0.135 0.136 0.137 0.139 0.141 0.142 0.144 0.146 0.147 0.149 0.151 0.152 0.153 0.154 0.154 0.153 0.153
-0.081 -0.082 -0.084 -0.081 -0.078 -0.074 -0.071 -0.066 -0.062 -0.057 -0.052 -0.048 -0.043 -0.038 -0.033 -0.028 -0.023 -0.017 -0.012 -0.006 -0.000 0.004 0.009 0.015 0.021 0.026 0.032 0.037 0.042 0.047 0.053 0.058 0.063 0.069 0.074 0.079 0.084 0.089 0.094 0.098 0.102 0.106 0.111 0.114 0.118 0.121 0.125 0.128 0.131 0.133 0.135 0.138 0.140 0.142 0.143 0.145 0.147 0.149 0.151 0.151 0.151 0.155 0.159 0.161 0.163 0.164 0.166 0.167 0.168 0.167 0.167 0.168
-0.071 -0.072 -0.073 -0.070 -0.067 -0.063 -0.060 -0.055 -0.051 -0.047 -0.042 -0.038 -0.034 -0.028 -0.023 -0.018 -0.013 -0.008 -0.003 0.003 0.008 0.013 0.018 0.024 0.030 0.035 0.040 0.045 0.050 0.056 0.061 0.067 0.072 0.077 0.083 0.088 0.093 0.098 0.103 0.107 0.111 0.115 0.120 0.123 0.127 0.130 0.134 0.137 0.140 0.142 0.144 0.147 0.150 0.152 0.153 0.155 0.157 0.160 0.162 0.161 0.161 0.166 0.172 0.174 0.177 0.178 0.179 0.180 0.181 0.181 0.181 0.182
-0.067 -0.065 -0.064 -0.060 -0.057 -0.053 -0.049 -0.045 -0.041 -0.037 -0.032 -0.028 -0.024 -0.019 -0.013 -0.009 -0.004 0.001 0.006 0.012 0.017 0.022 0.027 0.033 0.039 0.044 0.049 0.054 0.059 0.065 0.071 0.076 0.082 0.087 0.093 0.098 0.103 0.108 0.113 0.117 0.121 0.126 0.131 0.135 0.139 0.142 0.146 0.149 0.153 0.155 0.157 0.160 0.163 0.165 0.168 0.170 0.173 0.175 0.178 0.179 0.180 0.184 0.188 0.190 0.193 0.194 0.196 0.197 0.198 0.199 0.199 0.200
-0.062 -0.059 -0.055 -0.051 -0.047 -0.043 -0.039 -0.035 -0.030 -0.026 -0.022 -0.019 -0.015 -0.009 -0.004 0.001 0.006 0.011 0.015 0.021 0.027 0.031 0.036 0.042 0.047 0.053 0.058 0.063 0.068 0.074 0.080 0.086 0.091 0.097 0.102 0.108 0.114 0.118 0.123 0.127 0.132 0.137 0.142 0.146 0.150 0.154 0.158 0.162 0.165 0.168 0.170 0.173 0.177 0.179 0.182 0.185 0.188 0.191 0.194 0.196 0.199 0.201 0.204 0.206 0.209 0.211 0.213 0.214 0.215 0.216 0.217 0.219
-0.053 -0.049 -0.045 -0.041 -0.037 -0.033 -0.029 -0.024 -0.020 -0.016 -0.012 -0.008 -0.005 0.001 0.006 0.010 0.015 0.019 0.024 0.030 0.035 0.040 0.045 0.051 0.056 0.061 0.067 0.072 0.077 0.083 0.089 0.095 0.100 0.106 0.111 0.117 0.123 0.128 0.133 0.138 0.143 0.148 0.154 0.158 0.163 0.167 0.171 0.175 0.179 0.182 0.185 0.189 0.193 0.196 0.199 0.203 0.206 0.209 0.212 0.215 0.217 0.220 0.222 0.225 0.228 0.230 0.233 0.235 0.237 0.238 0.239 0.241
-0.043 -0.039 -0.034 -0.030 -0.026 -0.022 -0.019 -0.014 -0.010 -0.006 -0.002 0.002 0.005 0.010 0.015 0.019 0.024 0.028 0.033 0.038 0.044 0.049 0.054 0.059 0.065 0.070 0.075 0.081 0.086 0.092 0.098 0.103 0.109 0.115 0.120 0.126 0.132 0.138 0.143 0.149 0.154 0.160 0.165 0.170 0.175 0.180 0.185 0.189 0.194 0.197 0.200 0.205 0.209 0.213 0.216 0.220 0.224 0.227 0.230 0.233 0.236 0.239 0.241 0.244 0.247 0.250 0.253 0.255 0.258 0.260 0.262 0.264
-0.031 -0.027 -0.023 -0.019 -0.015 -0.011 -0.008 -0.003 0.001 0.004 0.008 0.012 0.015 0.020 0.024 0.029 0.033 0.037 0.041 0.047 0.052 0.057 0.062 0.068 0.073 0.079 0.084 0.090 0.095 0.101 0.107 0.113 0.119 0.124 0.130 0.136 0.142 0.148 0.153 0.159 0.165 0.171 0.176 0.181 0.187 0.192 0.197 0.202 0.207 0.211 0.214 0.219 0.224 0.228 0.233 0.237 0.241 0.245 0.248 0.252 0.255 0.258 0.261 0.264 0.267 0.270 0.273 0.276 0.280 0.282 0.285 0.288
-0.019 -0.015 -0.012 -0.008 -0.004 -0.000 0.003 0.007 0.011 0.015 0.019 0.022 0.025 0.029 0.033 0.038 0.042 0.046 0.050 0.055 0.060 0.066 0.071 0.076 0.082 0.087 0.093 0.099 0.105 0.110 0.116 0.122 0.128 0.133 0.139 0.145 0.151 0.157 0.164 0.170 0.176 0.181 0.187 0.193 0.198 0.203 0.209 0.214 0.220 0.224 0.229 0.234 0.239 0.244 0.249 0.253 0.258 0.262 0.266 0.270 0.274 0.277 0.280 0.283 0.286 0.290 0.294 0.297 0.301 0.305 0.308 0.311
-0.009 -0.005 -0.001 0.002 0.006 0.010 0.014 0.018 0.022 0.025 0.028 0.032 0.035 0.039 0.043 0.047 0.052 0.056 0.060 0.065 0.070 0.075 0.080 0.086 0.091 0.097 0.102 0.108 0.114 0.119 0.125 0.131 0.137 0.142 0.148 0.154 0.160 0.167 0.173 0.179 0.185 0.191 0.197 0.202 0.207 0.213 0.218 0.224 0.230 0.235 0.240 0.245 0.251 0.256 0.261 0.266 0.271 0.276 0.280 0.285 0.289 0.293 0.297 0.300 0.304 0.308 0.313 0.317 0.321 0.325 0.329 0.332
0.001 0.005 0.009 0.012 0.015 0.020 0.024 0.028 0.032 0.035 0.038 0.041 0.045 0.049 0.053 0.057 0.061 0.065 0.069 0.074 0.079 0.085 0.090 0.095 0.100 0.106 0.112 0.117 0.123 0.128 0.134 0.140 0.146 0.151 0.157 0.163 0.169 0.176 0.182 0.188 0.194 0.200 0.206 0.211 0.217 0.222 0.228 0.234 0.241 0.246 0.251 0.257 0.263 0.268 0.274 0.279 0.284 0.289 0.294 0.300 0.305 0.309 0.313 0.318 0.322 0.327 0.332 0.336 0.341 0.345 0.350 0.354
0.008 0.012 0.015 0.019 0.023 0.027 0.031 0.035 0.039 0.042 0.045 0.048 0.052 0.056 0.060 0.065 0.069 0.073 0.077 0.082 0.087 0.092 0.097 0.102 0.107 0.113 0.118 0.124 0.129 0.135 0.140 0.146 0.152 0.158 0.163 0.169 0.175 0.181 0.188 0.193 0.199 0.205 0.211 0.216 0.221 0.227 0.233 0.239 0.246 0.251 0.257 0.263 0.269 0.275 0.280 0.286 0.291 0.297 0.302 0.308 0.313 0.318 0.323 0.328 0.333 0.338 0.343 0.348 0.354 0.359 0.364 0.368
