211007T114448_210824T225103_210726_sos_CMIP6_ssp126_2071_2101_diff-0p5deg.txt
ncols 719
nrows 359
xllcorner 0.0
yllcorner 89.5
cellsize -0.5
NODATA_value -99999
[rows 288 to 319 of 359, columns 504 to 575 of 719]
-0.069 -0.069 -0.069 -0.069 -0.069 -0.069 -0.069 -0.069 -0.070 -0.070 -0.070 -0.070 -0.070 -0.070 -0.070 -0.070 -0.071 -0.071 -0.071 -0.071 -0.071 -0.071 -0.072 -0.072 -0.072 -0.072 -0.072 -0.072 -0.073 -0.073 -0.073 -0.072 -0.072 -0.072 -0.072 -0.072 -0.072 -0.072 -0.072 -0.072 -0.072 -0.072 -0.071 -0.071 -0.071 -0.071 -0.071 -0.071 -0.070 -0.070 -0.070 -0.070 -0.070 -0.070 -0.069 -0.069 -0.069 -0.068 -0.067 -0.068 -0.068 -0.070 -0.072 -0.072 -0.073 -0.073 -0.074 -99999 -0.059 -99999 -0.067 -99999
-0.069 -0.069 -0.069 -0.069 -0.069 -0.069 -0.069 -0.069 -0.069 -0.069 -0.070 -0.070 -0.070 -0.070 -0.070 -0.070 -0.070 -0.071 -0.071 -0.071 -0.071 -0.071 -0.072 -0.072 -0.072 -0.072 -0.072 -0.072 -0.072 -0.072 -0.072 -0.072 -0.072 -0.072 -0.072 -0.072 -0.072 -0.072 -0.072 -0.071 -0.071 -0.071 -0.071 -0.071 -0.071 -0.071 -0.070 -0.070 -0.070 -0.070 -0.070 -0.070 -0.070 -0.069 -0.069 -0.068 -0.068 -0.067 -0.067 -0.067 -0.066 -0.067 -0.068 -0.069 -0.070 -0.071 -0.071 -0.068 -0.065 -0.070 -0.074 -99999
-0.070 -0.069 -0.069 -0.069 -0.069 -0.069 -0.069 -0.069 -0.069 -0.069 -0.070 -0.070 -0.070 -0.070 -0.070 -0.070 -0.070 -0.070 -0.071 -0.071 -0.071 -0.071 -0.072 -0.072 -0.072 -0.072 -0.072 -0.072 -0.072 -0.072 -0.072 -0.072 -0.072 -0.072 -0.072 -0.071 -0.071 -0.071 -0.071 -0.071 -0.071 -0.071 -0.071 -0.071 -0.070 -0.070 -0.070 -0.070 -0.069 -0.069 -0.069 -0.069 -0.070 -0.069 -0.069 -0.068 -0.067 -0.067 -0.066 -0.065 -0.065 -0.065 -0.065 -0.066 -0.067 -0.068 -0.069 -0.070 -0.072 -0.077 -0.082 -99999
-0.069 -0.069 -0.069 -0.069 -0.069 -0.069 -0.069 -0.069 -0.069 -0.069 -0.069 -0.070 -0.070 -0.070 -0.070 -0.070 -0.070 -0.070 -0.070 -0.070 -0.071 -0.071 -0.071 -0.071 -0.071 -0.071 -0.071 -0.071 -0.071 -0.071 -0.071 -0.071 -0.071 -0.071 -0.071 -0.071 -0.071 -0.071 -0.071 -0.071 -0.071 -0.070 -0.070 -0.070 -0.070 -0.070 -0.069 -0.069 -0.069 -0.069 -0.069 -0.069 -0.069 -0.069 -0.068 -0.068 -0.067 -0.066 -0.066 -0.065 -0.064 -0.064 -0.064 -0.064 -0.064 -0.065 -0.065 -0.066 -0.066 -0.070 -0.074 -0.073
-0.069 -0.069 -0.069 -0.069 -0.069 -0.069 -0.069 -0.069 -0.069 -0.069 -0.069 -0.069 -0.069 -0.070 -0.070 -0.070 -0.070 -0.070 -0.070 -0.070 -0.070 -0.070 -0.070 -0.071 -0.071 -0.071 -0.071 -0.071 -0.071 -0.071 -0.071 -0.071 -0.071 -0.071 -0.071 -0.071 -0.071 -0.071 -0.071 -0.071 -0.070 -0.070 -0.070 -0.070 -0.070 -0.070 -0.069 -0.069 -0.069 -0.069 -0.069 -0.069 -0.069 -0.068 -0.068 -0.067 -0.067 -0.066 -0.066 -0.065 -0.064 -0.063 -0.062 -0.062 -0.061 -0.061 -0.062 -0.061 -0.060 -0.063 -0.067 -0.069
-0.069 -0.069 -0.069 -0.069 -0.069 -0.069 -0.069 -0.069 -0.069 -0.069 -0.069 -0.069 -0.069 -0.069 -0.069 -0.069 -0.069 -0.069 -0.069 -0.069 -0.070 -0.070 -0.070 -0.070 -0.070 -0.070 -0.070 -0.070 -0.070 -0.070 -0.070 -0.070 -0.071 -0.071 -0.071 -0.071 -0.071 -0.071 -0.071 -0.070 -0.070 -0.070 -0.070 -0.070 -0.070 -0.069 -0.069 -0.069 -0.068 -0.068 -0.068 -0.068 -0.068 -0.068 -0.067 -0.067 -0.066 -0.066 -0.066 -0.065 -0.064 -0.063 -0.062 -0.062 -0.061 -0.061 -0.061 -0.060 -0.059 -0.061 -0.063 -0.064
-0.069 -0.069 -0.069 -0.069 -0.069 -0.069 -0.069 -0.069 -0.069 -0.069 -0.068 -0.068 -0.068 -0.068 -0.068 -0.068 -0.068 -0.069 -0.069 -0.069 -0.069 -0.069 -0.069 -0.069 -0.069 -0.069 -0.069 -0.069 -0.069 -0.069 -0.069 -0.070 -0.070 -0.070 -0.071 -0.071 -0.071 -0.071 -0.070 -0.070 -0.070 -0.070 -0.070 -0.069 -0.069 -0.069 -0.069 -0.068 -0.068 -0.068 -0.068 -0.068 -0.068 -0.067 -0.067 -0.066 -0.066 -0.066 -0.065 -0.065 -0.064 -0.063 -0.063 -0.062 -0.061 -0.060 -0.060 -0.059 -0.058 -0.059 -0.059 -0.059
-0.070 -0.070 -0.070 -0.070 -0.070 -0.069 -0.069 -0.069 -0.069 -0.069 -0.068 -0.068 -0.068 -0.068 -0.068 -0.068 -0.068 -0.068 -0.068 -0.068 -0.068 -0.068 -0.068 -0.068 -0.068 -0.068 -0.068 -0.068 -0.068 -0.068 -0.068 -0.069 -0.069 -0.069 -0.070 -0.070 -0.070 -0.070 -0.069 -0.069 -0.068 -0.068 -0.068 -0.068 -0.068 -0.068 -0.067 -0.067 -0.067 -0.067 -0.066 -0.066 -0.066 -0.066 -0.066 -0.065 -0.065 -0.065 -0.064 -0.064 -0.063 -0.063 -0.062 -0.061 -0.061 -0.060 -0.060 -0.059 -0.058 -0.058 -0.058 -0.057
-0.071 -0.071 -0.071 -0.070 -0.070 -0.070 -0.070 -0.069 -0.069 -0.069 -0.068 -0.068 -0.068 -0.068 -0.068 -0.068 -0.068 -0.068 -0.068 -0.068 -0.068 -0.067 -0.067 -0.067 -0.067 -0.067 -0.067 -0.067 -0.067 -0.067 -0.067 -0.068 -0.068 -0.068 -0.069 -0.069 -0.069 -0.069 -0.068 -0.068 -0.067 -0.067 -0.067 -0.067 -0.067 -0.066 -0.066 -0.066 -0.066 -0.065 -0.065 -0.065 -0.065 -0.065 -0.064 -0.064 -0.064 -0.063 -0.063 -0.063 -0.063 -0.062 -0.061 -0.061 -0.061 -0.060 -0.059 -0.059 -0.058 -0.057 -0.056 -0.056
-0.072 -0.071 -0.071 -0.071 -0.070 -0.070 -0.070 -0.069 -0.069 -0.069 -0.068 -0.068 -0.068 -0.068 -0.067 -0.067 -0.067 -0.067 -0.067 -0.067 -0.066 -0.066 -0.066 -0.066 -0.065 -0.065 -0.065 -0.065 -0.065 -0.066 -0.066 -0.066 -0.067 -0.067 -0.067 -0.067 -0.067 -0.066 -0.066 -0.065 -0.065 -0.065 -0.064 -0.064 -0.064 -0.064 -0.064 -0.064 -0.063 -0.063 -0.063 -0.063 -0.063 -0.062 -0.062 -0.062 -0.061 -0.061 -0.061 -0.060 -0.060 -0.060 -0.059 -0.059 -0.058 -0.058 -0.057 -0.056 -0.055 -0.055 -0.054 -0.053
-0.072 -0.072 -0.071 -0.071 -0.070 -0.070 -0.070 -0.069 -0.069 -0.069 -0.068 -0.068 -0.068 -0.067 -0.067 -0.067 -0.066 -0.066 -0.066 -0.066 -0.065 -0.065 -0.065 -0.064 -0.064 -0.064 -0.064 -0.064 -0.064 -0.064 -0.064 -0.065 -0.065 -0.065 -0.066 -0.065 -0.065 -0.064 -0.064 -0.063 -0.063 -0.062 -0.062 -0.062 -0.062 -0.062 -0.062 -0.061 -0.061 -0.061 -0.061 -0.061 -0.060 -0.060 -0.060 -0.059 -0.059 -0.059 -0.058 -0.058 -0.057 -0.057 -0.057 -0.056 -0.056 -0.055 -0.055 -0.054 -0.053 -0.052 -0.051 -0.050
-0.070 -0.070 -0.069 -0.069 -0.068 -0.068 -0.068 -0.068 -0.067 -0.067 -0.067 -0.066 -0.066 -0.066 -0.065 -0.065 -0.065 -0.064 -0.064 -0.064 -0.063 -0.063 -0.063 -0.063 -0.062 -0.062 -0.062 -0.062 -0.062 -0.062 -0.062 -0.062 -0.062 -0.062 -0.062 -0.062 -0.061 -0.061 -0.060 -0.060 -0.060 -0.059 -0.059 -0.059 -0.059 -0.059 -0.059 -0.058 -0.058 -0.058 -0.058 -0.057 -0.057 -0.057 -0.056 -0.056 -0.055 -0.055 -0.054 -0.054 -0.053 -0.053 -0.052 -0.052 -0.051 -0.050 -0.049 -0.048 -0.047 -0.046 -0.045 -0.044
-0.068 -0.067 -0.067 -0.066 -0.066 -0.066 -0.066 -0.066 -0.066 -0.065 -0.065 -0.065 -0.064 -0.064 -0.064 -0.064 -0.063 -0.063 -0.062 -0.062 -0.062 -0.061 -0.061 -0.061 -0.060 -0.060 -0.060 -0.060 -0.060 -0.060 -0.060 -0.060 -0.060 -0.059 -0.059 -0.058 -0.058 -0.058 -0.057 -0.057 -0.056 -0.056 -0.056 -0.056 -0.056 -0.056 -0.056 -0.056 -0.055 -0.055 -0.055 -0.054 -0.054 -0.053 -0.053 -0.052 -0.052 -0.051 -0.051 -0.050 -0.049 -0.049 -0.048 -0.047 -0.046 -0.045 -0.044 -0.043 -0.042 -0.041 -0.039 -0.037
-0.061 -0.061 -0.061 -0.061 -0.061 -0.061 -0.061 -0.061 -0.061 -0.060 -0.060 -0.060 -0.060 -0.060 -0.060 -0.059 -0.059 -0.059 -0.058 -0.058 -0.058 -0.058 -0.057 -0.057 -0.057 -0.056 -0.056 -0.056 -0.056 -0.055 -0.055 -0.055 -0.054 -0.054 -0.053 -0.053 -0.053 -0.053 -0.052 -0.052 -0.052 -0.051 -0.051 -0.051 -0.051 -0.051 -0.050 -0.050 -0.049 -0.049 -0.049 -0.048 -0.048 -0.047 -0.046 -0.046 -0.045 -0.044 -0.043 -0.043 -0.042 -0.041 -0.041 -0.040 -0.039 -0.038 -0.037 -0.036 -0.035 -0.033 -0.032 -0.030
-0.055 -0.055 -0.055 -0.055 -0.055 -0.055 -0.055 -0.056 -0.056 -0.056 -0.056 -0.056 -0.056 -0.056 -0.056 -0.055 -0.055 -0.055 -0.055 -0.055 -0.054 -0.054 -0.054 -0.053 -0.053 -0.053 -0.052 -0.052 -0.051 -0.051 -0.050 -0.049 -0.049 -0.048 -0.048 -0.048 -0.048 -0.048 -0.047 -0.047 -0.047 -0.046 -0.046 -0.046 -0.046 -0.045 -0.045 -0.044 -0.044 -0.043 -0.042 -0.042 -0.041 -0.041 -0.040 -0.039 -0.038 -0.037 -0.036 -0.036 -0.035 -0.034 -0.033 -0.032 -0.031 -0.030 -0.029 -0.028 -0.027 -0.026 -0.025 -0.023
-0.046 -0.047 -0.047 -0.047 -0.047 -0.047 -0.048 -0.048 -0.048 -0.048 -0.048 -0.048 -0.048 -0.048 -0.048 -0.048 -0.048 -0.048 -0.047 -0.047 -0.047 -0.047 -0.047 -0.046 -0.046 -0.045 -0.045 -0.044 -0.044 -0.043 -0.043 -0.042 -0.042 -0.041 -0.041 -0.041 -0.041 -0.040 -0.040 -0.040 -0.040 -0.039 -0.039 -0.039 -0.038 -0.038 -0.038 -0.037 -0.036 -0.036 -0.035 -0.034 -0.033 -0.032 -0.032 -0.031 -0.030 -0.029 -0.028 -0.028 -0.027 -0.026 -0.025 -0.024 -0.023 -0.022 -0.021 -0.020 -0.020 -0.019 -0.018 -0.017
-0.038 -0.038 -0.038 -0.039 -0.039 -0.040 -0.040 -0.040 -0.040 -0.040 -0.040 -0.040 -0.040 -0.040 -0.040 -0.040 -0.040 -0.040 -0.040 -0.040 -0.040 -0.040 -0.040 -0.039 -0.039 -0.038 -0.037 -0.037 -0.036 -0.036 -0.035 -0.035 -0.034 -0.034 -0.034 -0.034 -0.033 -0.033 -0.033 -0.033 -0.033 -0.033 -0.032 -0.032 -0.031 -0.031 -0.030 -0.030 -0.029 -0.028 -0.027 -0.026 -0.025 -0.024 -0.023 -0.022 -0.021 -0.021 -0.020 -0.020 -0.019 -0.018 -0.017 -0.016 -0.015 -0.014 -0.013 -0.013 -0.012 -0.012 -0.011 -0.010
-0.029 -0.029 -0.029 -0.029 -0.029 -0.030 -0.030 -0.030 -0.030 -0.030 -0.030 -0.030 -0.030 -0.030 -0.030 -0.030 -0.030 -0.030 -0.030 -0.030 -0.030 -0.030 -0.030 -0.030 -0.029 -0.029 -0.028 -0.028 -0.027 -0.027 -0.027 -0.026 -0.026 -0.026 -0.026 -0.026 -0.026 -0.026 -0.026 -0.026 -0.026 -0.025 -0.025 -0.025 -0.024 -0.024 -0.023 -0.022 -0.022 -0.021 -0.020 -0.019 -0.018 -0.017 -0.016 -0.015 -0.014 -0.014 -0.013 -0.013 -0.012 -0.012 -0.011 -0.010 -0.010 -0.010 -0.010 -0.010 -0.010 -0.010 -0.010 -0.011
-0.019 -0.019 -0.019 -0.019 -0.019 -0.019 -0.020 -0.020 -0.020 -0.019 -0.019 -0.019 -0.019 -0.020 -0.020 -0.020 -0.020 -0.020 -0.020 -0.020 -0.020 -0.020 -0.020 -0.020 -0.020 -0.019 -0.019 -0.019 -0.019 -0.019 -0.018 -0.018 -0.018 -0.018 -0.018 -0.018 -0.018 -0.018 -0.018 -0.018 -0.018 -0.018 -0.018 -0.017 -0.017 -0.016 -0.016 -0.015 -0.014 -0.014 -0.013 -0.012 -0.011 -0.009 -0.008 -0.007 -0.007 -0.006 -0.006 -0.006 -0.005 -0.005 -0.004 -0.005 -0.005 -0.006 -0.006 -0.007 -0.008 -0.009 -0.010 -0.012
-0.011 -0.011 -0.011 -0.011 -0.011 -0.011 -0.011 -0.011 -0.011 -0.011 -0.011 -0.011 -0.011 -0.012 -0.012 -0.012 -0.012 -0.012 -0.012 -0.012 -0.012 -0.012 -0.012 -0.012 -0.012 -0.012 -0.012 -0.012 -0.012 -0.012 -0.011 -0.011 -0.011 -0.011 -0.011 -0.012 -0.012 -0.012 -0.012 -0.012 -0.012 -0.012 -0.012 -0.012 -0.011 -0.011 -0.010 -0.010 -0.009 -0.009 -0.008 -0.007 -0.006 -0.006 -0.005 -0.005 -0.005 -0.005 -0.005 -0.005 -0.005 -0.005 -0.006 -0.007 -0.008 -0.009 -0.010 -0.012 -0.014 -0.017 -0.020 -0.025
-0.002 -0.002 -0.002 -0.002 -0.003 -0.003 -0.003 -0.003 -0.003 -0.003 -0.003 -0.003 -0.003 -0.004 -0.004 -0.004 -0.004 -0.004 -0.004 -0.004 -0.005 -0.005 -0.004 -0.004 -0.004 -0.005 -0.005 -0.005 -0.005 -0.005 -0.004 -0.004 -0.004 -0.005 -0.005 -0.006 -0.006 -0.006 -0.007 -0.007 -0.007 -0.007 -0.007 -0.006 -0.006 -0.005 -0.004 -0.004 -0.004 -0.004 -0.003 -0.003 -0.002 -0.002 -0.002 -0.002 -0.002 -0.003 -0.003 -0.004 -0.005 -0.006 -0.007 -0.009 -0.010 -0.012 -0.015 -0.018 -0.021 -0.026 -0.031 -0.038
0.003 0.003 0.003 0.003 0.003 0.002 0.002 0.002 0.002 0.002 0.002 0.002 0.002 0.002 0.002 0.002 0.001 0.001 0.001 0.001 0.001 0.001 0.001 0.001 0.000 0.000 -0.000 -0.000 -0.001 -0.000 -0.000 -0.001 -0.001 -0.001 -0.001 -0.002 -0.002 -0.003 -0.003 -0.003 -0.003 -0.003 -0.003 -0.003 -0.003 -0.002 -0.002 -0.003 -0.003 -0.003 -0.003 -0.003 -0.004 -0.004 -0.004 -0.005 -0.005 -0.006 -0.007 -0.009 -0.010 -0.012 -0.013 -0.016 -0.018 -0.022 -0.025 -0.030 -0.035 -0.042 -0.049 -0.058
0.008 0.008 0.008 0.008 0.008 0.008 0.007 0.007 0.007 0.007 0.007 0.007 0.007 0.007 0.007 0.007 0.007 0.007 0.007 0.006 0.006 0.006 0.006 0.005 0.005 0.005 0.005 0.004 0.004 0.004 0.004 0.003 0.003 0.003 0.002 0.002 0.002 0.001 0.001 0.001 0.001 0.001 0.001 0.001 0.000 0.000 -0.000 -0.001 -0.002 -0.003 -0.004 -0.004 -0.005 -0.006 -0.006 -0.007 -0.008 -0.010 -0.011 -0.013 -0.015 -0.017 -0.019 -0.023 -0.026 -0.031 -0.036 -0.043 -0.049 -0.058 -0.068 -0.077
0.009 0.009 0.009 0.009 0.009 0.009 0.009 0.009 0.009 0.009 0.009 0.009 0.009 0.009 0.009 0.009 0.008 0.008 0.008 0.008 0.008 0.008 0.007 0.007 0.007 0.006 0.006 0.005 0.005 0.005 0.004 0.004 0.003 0.002 0.002 0.001 0.001 0.001 0.000 0.000 -0.000 -0.000 -0.000 -0.001 -0.001 -0.002 -0.003 -0.004 -0.005 -0.006 -0.007 -0.008 -0.009 -0.011 -0.012 -0.014 -0.015 -0.018 -0.020 -0.022 -0.025 -0.029 -0.032 -0.037 -0.041 -0.047 -0.053 -0.061 -0.068 -0.076 -0.085 -0.092
0.009 0.010 0.010 0.010 0.011 0.011 0.010 0.011 0.011 0.011 0.011 0.011 0.011 0.010 0.010 0.010 0.010 0.010 0.010 0.010 0.009 0.009 0.009 0.008 0.008 0.008 0.007 0.007 0.006 0.005 0.005 0.004 0.003 0.002 0.002 0.001 0.000 -0.000 -0.000 -0.001 -0.001 -0.001 -0.002 -0.002 -0.003 -0.005 -0.006 -0.007 -0.009 -0.010 -0.011 -0.013 -0.014 -0.016 -0.018 -0.020 -0.023 -0.025 -0.028 -0.032 -0.035 -0.040 -0.045 -0.051 -0.056 -0.063 -0.071 -0.078 -0.086 -0.094 -0.101 -0.107
0.004 0.005 0.006 0.006 0.006 0.007 0.007 0.007 0.007 0.007 0.007 0.007 0.007 0.007 0.007 0.007 0.006 0.006 0.006 0.006 0.006 0.005 0.005 0.004 0.004 0.003 0.002 0.002 0.001 0.001 -0.000 -0.001 -0.002 -0.002 -0.003 -0.004 -0.004 -0.005 -0.005 -0.006 -0.007 -0.008 -0.008 -0.010 -0.011 -0.013 -0.014 -0.016 -0.017 -0.019 -0.021 -0.022 -0.024 -0.027 -0.029 -0.032 -0.035 -0.039 -0.043 -0.049 -0.054 -0.061 -0.067 -0.073 -0.079 -0.084 -0.090 -0.095 -0.099 -0.104 -0.110 -0.115
-0.001 -0.000 0.001 0.002 0.002 0.003 0.003 0.003 0.003 0.003 0.003 0.003 0.003 0.003 0.003 0.003 0.003 0.003 0.003 0.002 0.002 0.001 0.000 -0.000 -0.001 -0.002 -0.002 -0.003 -0.004 -0.004 -0.005 -0.006 -0.006 -0.007 -0.008 -0.008 -0.009 -0.010 -0.010 -0.011 -0.013 -0.014 -0.015 -0.017 -0.019 -0.020 -0.022 -0.024 -0.026 -0.028 -0.030 -0.032 -0.035 -0.037 -0.040 -0.044 -0.048 -0.053 -0.058 -0.066 -0.073 -0.081 -0.090 -0.095 -0.101 -0.106 -0.110 -0.111 -0.113 -0.115 -0.118 -0.122
-0.011 -0.011 -0.010 -0.009 -0.008 -0.008 -0.008 -0.008 -0.008 -0.007 -0.007 -0.007 -0.007 -0.007 -0.007 -0.006 -0.006 -0.006 -0.006 -0.006 -0.006 -0.007 -0.007 -0.007 -0.008 -0.008 -0.009 -0.009 -0.009 -0.010 -0.011 -0.012 -0.012 -0.013 -0.014 -0.015 -0.016 -0.017 -0.019 -0.021 -0.022 -0.024 -0.026 -0.029 -0.031 -0.034 -0.036 -0.039 -0.041 -0.044 -0.047 -0.050 -0.053 -0.057 -0.061 -0.066 -0.071 -0.078 -0.085 -0.094 -0.103 -0.112 -0.122 -0.126 -0.130 -0.133 -0.136 -0.137 -0.139 -0.142 -0.145 -0.156
-0.022 -0.021 -0.021 -0.020 -0.019 -0.019 -0.019 -0.018 -0.018 -0.018 -0.018 -0.018 -0.017 -0.017 -0.016 -0.016 -0.015 -0.015 -0.014 -0.015 -0.015 -0.015 -0.015 -0.015 -0.015 -0.015 -0.015 -0.015 -0.015 -0.016 -0.017 -0.018 -0.018 -0.019 -0.020 -0.022 -0.023 -0.025 -0.027 -0.030 -0.032 -0.035 -0.037 -0.040 -0.043 -0.047 -0.050 -0.053 -0.057 -0.060 -0.064 -0.067 -0.071 -0.076 -0.081 -0.087 -0.094 -0.103 -0.112 -0.123 -0.134 -0.143 -0.153 -0.156 -0.160 -0.161 -0.162 -0.164 -0.166 -0.169 -0.173 -0.189
-0.035 -0.035 -0.034 -0.034 -0.034 -0.034 -0.034 -0.033 -0.033 -0.033 -0.032 -0.032 -0.031 -0.030 -0.029 -0.028 -0.027 -0.026 -0.025 -0.025 -0.024 -0.024 -0.023 -0.023 -0.022 -0.022 -0.023 -0.023 -0.024 -0.026 -0.027 -0.028 -0.029 -0.031 -0.033 -0.035 -0.038 -0.040 -0.043 -0.046 -0.049 -0.053 -0.056 -0.060 -0.063 -0.066 -0.070 -0.073 -0.076 -0.080 -0.083 -0.087 -0.091 -0.097 -0.102 -0.109 -0.116 -0.124 -0.132 -0.140 -0.148 -0.156 -0.163 -0.160 -0.156 -0.159 -0.162 -0.149 -0.136 -0.135 -0.134 -99999
-0.048 -0.048 -0.048 -0.048 -0.048 -0.049 -0.049 -0.048 -0.048 -0.047 -0.047 -0.046 -0.044 -0.043 -0.042 -0.040 -0.039 -0.038 -0.036 -0.035 -0.034 -0.033 -0.031 -0.031 -0.030 -0.030 -0.030 -0.032 -0.033 -0.035 -0.037 -0.039 -0.041 -0.043 -0.046 -0.049 -0.052 -0.056 -0.059 -0.063 -0.067 -0.071 -0.075 -0.079 -0.083 -0.086 -0.090 -0.093 -0.096 -0.100 -0.103 -0.107 -0.111 -0.117 -0.124 -0.130 -0.137 -0.144 -0.151 -0.157 -0.163 -0.168 -0.173 -0.163 -0.152 -0.157 -0.163 -0.134 -0.106 -0.100 -99999 -99999
-0.066 -0.067 -0.067 -0.068 -0.068 -0.068 -0.069 -0.067 -0.065 -0.064 -0.062 -0.060 -0.059 -0.057 -0.055 -0.053 -0.051 -0.050 -0.048 -0.047 -0.045 -0.043 -0.042 -0.041 -0.041 -0.043 -0.045 -0.047 -0.049 -0.052 -0.055 -0.057 -0.060 -0.063 -0.067 -0.070 -0.073 -0.076 -0.080 -0.083 -0.087 -0.090 -0.093 -0.096 -0.099 -0.101 -0.104 -0.106 -0.108 -0.111 -0.114 -0.117 -0.121 -0.126 -0.131 -0.136 -0.141 -0.146 -0.151 -0.156 -0.162 -0.161 -0.161 -0.117 -0.072 0.002 0.076 0.266 0.457 -99999 -99999 -99999
