230620T125922_230601T165519_230321_sos_CMIP6_historical_1985_2015_mean-0p5deg.txt
ncols 719
nrows 359
xllcorner 0.0
yllcorner -89.5
cellsize 0.5
NODATA_value -99999
[rows 0 to 31 of 359, columns 284 to 354 of 719]
31.456 31.456 31.456 31.456 31.456 31.456 31.456 31.456 31.456 31.456 31.456 31.456 31.456 31.456 31.456 31.456 31.456 31.456 31.456 31.456 31.457 31.457 31.457 31.457 31.457 31.457 31.457 31.457 31.457 31.457 31.457 31.457 31.457 31.457 31.457 31.457 31.457 31.457 31.457 31.457 31.457 31.457 31.457 31.457 31.457 31.457 31.457 31.457 31.458 31.458 31.458 31.458 31.458 31.461 31.464 31.464 31.464 31.461 31.459 31.459 31.459 31.459 31.459 31.459 31.460 31.460 31.460 31.460 31.460 31.460 31.460
31.427 31.427 31.428 31.428 31.428 31.428 31.428 31.429 31.429 31.429 31.429 31.430 31.430 31.430 31.430 31.431 31.431 31.431 31.432 31.432 31.432 31.432 31.432 31.433 31.433 31.433 31.433 31.434 31.434 31.434 31.435 31.435 31.435 31.436 31.436 31.436 31.436 31.436 31.437 31.437 31.437 31.437 31.438 31.438 31.438 31.439 31.439 31.440 31.440 31.440 31.441 31.441 31.441 31.443 31.445 31.445 31.445 31.444 31.443 31.444 31.444 31.445 31.445 31.446 31.446 31.446 31.447 31.447 31.448 31.448 31.449
31.399 31.399 31.400 31.400 31.400 31.401 31.401 31.401 31.402 31.402 31.403 31.403 31.404 31.404 31.404 31.405 31.405 31.406 31.407 31.407 31.408 31.408 31.408 31.409 31.409 31.410 31.410 31.411 31.411 31.412 31.413 31.413 31.414 31.414 31.415 31.415 31.415 31.416 31.416 31.417 31.417 31.418 31.418 31.419 31.420 31.420 31.421 31.422 31.422 31.423 31.423 31.424 31.424 31.425 31.426 31.426 31.426 31.427 31.428 31.429 31.429 31.430 31.431 31.432 31.432 31.433 31.434 31.434 31.435 31.436 31.437
31.366 31.367 31.367 31.368 31.368 31.369 31.370 31.371 31.371 31.372 31.373 31.373 31.374 31.375 31.376 31.376 31.377 31.378 31.379 31.380 31.380 31.381 31.382 31.382 31.383 31.384 31.385 31.386 31.386 31.387 31.388 31.389 31.390 31.391 31.391 31.392 31.393 31.394 31.394 31.395 31.396 31.397 31.398 31.399 31.399 31.400 31.401 31.401 31.402 31.403 31.404 31.405 31.406 31.407 31.407 31.408 31.409 31.410 31.411 31.412 31.413 31.414 31.415 31.416 31.417 31.418 31.419 31.420 31.422 31.422 31.423
31.333 31.334 31.335 31.336 31.337 31.338 31.339 31.340 31.341 31.342 31.343 31.344 31.345 31.346 31.347 31.348 31.349 31.350 31.351 31.352 31.353 31.354 31.355 31.356 31.357 31.358 31.359 31.360 31.361 31.362 31.364 31.365 31.366 31.367 31.368 31.369 31.371 31.372 31.373 31.374 31.375 31.376 31.377 31.378 31.379 31.380 31.381 31.381 31.382 31.383 31.384 31.385 31.387 31.388 31.389 31.391 31.392 31.393 31.394 31.396 31.397 31.398 31.400 31.401 31.402 31.404 31.405 31.407 31.408 31.409 31.409
31.296 31.297 31.298 31.299 31.300 31.301 31.302 31.303 31.305 31.306 31.307 31.308 31.309 31.311 31.312 31.313 31.314 31.315 31.317 31.318 31.319 31.321 31.322 31.323 31.324 31.326 31.327 31.329 31.330 31.331 31.333 31.334 31.335 31.337 31.338 31.339 31.341 31.342 31.344 31.345 31.347 31.348 31.350 31.351 31.353 31.354 31.355 31.357 31.358 31.359 31.361 31.362 31.363 31.364 31.366 31.367 31.369 31.371 31.372 31.374 31.375 31.377 31.379 31.380 31.382 31.384 31.386 31.387 31.388 31.389 31.390
31.259 31.260 31.261 31.262 31.264 31.265 31.266 31.267 31.269 31.270 31.271 31.273 31.274 31.276 31.277 31.278 31.280 31.281 31.282 31.284 31.285 31.287 31.289 31.290 31.292 31.293 31.295 31.297 31.299 31.300 31.302 31.303 31.305 31.306 31.308 31.309 31.311 31.312 31.314 31.316 31.318 31.320 31.322 31.324 31.326 31.328 31.330 31.332 31.334 31.336 31.337 31.338 31.339 31.341 31.342 31.344 31.346 31.348 31.350 31.352 31.354 31.356 31.358 31.360 31.362 31.364 31.366 31.367 31.369 31.369 31.370
31.222 31.223 31.224 31.225 31.227 31.228 31.229 31.230 31.232 31.233 31.235 31.237 31.238 31.240 31.242 31.243 31.245 31.247 31.249 31.251 31.253 31.255 31.257 31.259 31.261 31.263 31.265 31.267 31.268 31.270 31.272 31.274 31.276 31.278 31.280 31.282 31.284 31.286 31.288 31.290 31.292 31.294 31.296 31.298 31.300 31.302 31.305 31.307 31.309 31.311 31.313 31.315 31.316 31.317 31.318 31.320 31.322 31.325 31.327 31.329 31.330 31.332 31.334 31.337 31.339 31.341 31.343 31.344 31.345 31.347 31.348
31.186 31.187 31.187 31.189 31.190 31.191 31.192 31.194 31.195 31.197 31.199 31.200 31.202 31.204 31.206 31.209 31.211 31.213 31.216 31.218 31.221 31.223 31.226 31.228 31.230 31.232 31.234 31.236 31.238 31.241 31.243 31.246 31.248 31.251 31.253 31.256 31.258 31.260 31.262 31.264 31.265 31.267 31.269 31.272 31.275 31.277 31.279 31.281 31.283 31.286 31.289 31.291 31.294 31.294 31.294 31.296 31.299 31.301 31.304 31.306 31.307 31.309 31.311 31.314 31.317 31.319 31.321 31.321 31.321 31.324 31.327
31.148 31.149 31.150 31.151 31.152 31.154 31.155 31.157 31.158 31.160 31.162 31.164 31.166 31.168 31.171 31.173 31.176 31.178 31.181 31.184 31.186 31.189 31.191 31.194 31.197 31.200 31.202 31.205 31.208 31.210 31.213 31.215 31.218 31.221 31.223 31.226 31.229 31.231 31.234 31.236 31.239 31.241 31.243 31.245 31.247 31.250 31.253 31.255 31.257 31.259 31.262 31.265 31.268 31.268 31.268 31.271 31.273 31.276 31.279 31.280 31.282 31.284 31.286 31.289 31.292 31.294 31.296 31.297 31.299 31.302 31.305
31.110 31.111 31.112 31.113 31.115 31.117 31.118 31.120 31.122 31.124 31.125 31.127 31.129 31.132 31.135 31.138 31.140 31.143 31.146 31.149 31.152 31.155 31.157 31.160 31.164 31.167 31.170 31.174 31.177 31.180 31.183 31.185 31.188 31.191 31.194 31.197 31.200 31.203 31.205 31.209 31.212 31.214 31.217 31.218 31.219 31.223 31.226 31.228 31.231 31.233 31.235 31.238 31.241 31.242 31.243 31.245 31.247 31.251 31.254 31.255 31.256 31.259 31.262 31.265 31.268 31.269 31.270 31.274 31.277 31.280 31.282
31.064 31.066 31.067 31.070 31.072 31.074 31.076 31.078 31.080 31.083 31.085 31.088 31.091 31.094 31.097 31.100 31.103 31.106 31.109 31.112 31.116 31.119 31.122 31.125 31.129 31.132 31.135 31.139 31.142 31.146 31.149 31.152 31.155 31.158 31.161 31.164 31.167 31.171 31.174 31.177 31.180 31.183 31.185 31.188 31.190 31.193 31.196 31.198 31.201 31.203 31.206 31.209 31.212 31.213 31.215 31.217 31.220 31.223 31.226 31.228 31.229 31.232 31.235 31.238 31.240 31.243 31.245 31.248 31.251 31.254 31.257
31.018 31.021 31.023 31.026 31.028 31.031 31.034 31.036 31.038 31.042 31.045 31.049 31.052 31.056 31.059 31.062 31.065 31.068 31.072 31.075 31.079 31.083 31.087 31.090 31.094 31.097 31.100 31.104 31.108 31.111 31.115 31.119 31.122 31.125 31.129 31.132 31.135 31.138 31.142 31.145 31.147 31.151 31.154 31.157 31.160 31.163 31.165 31.168 31.172 31.174 31.176 31.179 31.183 31.185 31.187 31.190 31.192 31.195 31.198 31.200 31.202 31.206 31.209 31.211 31.213 31.217 31.220 31.223 31.225 31.229 31.232
30.967 30.969 30.972 30.975 30.977 30.980 30.983 30.987 30.990 30.994 30.998 31.001 31.005 31.008 31.012 31.015 31.019 31.023 31.026 31.030 31.034 31.037 31.041 31.045 31.049 31.052 31.056 31.060 31.064 31.068 31.071 31.075 31.079 31.083 31.086 31.090 31.094 31.098 31.101 31.105 31.108 31.112 31.116 31.119 31.122 31.126 31.129 31.132 31.136 31.139 31.141 31.145 31.148 31.151 31.153 31.157 31.160 31.163 31.166 31.169 31.172 31.175 31.179 31.182 31.185 31.189 31.192 31.195 31.199 31.202 31.206
30.915 30.918 30.921 30.923 30.926 30.929 30.933 30.937 30.942 30.946 30.950 30.954 30.957 30.961 30.964 30.968 30.973 30.977 30.981 30.985 30.988 30.992 30.995 30.999 31.004 31.008 31.012 31.016 31.020 31.024 31.028 31.032 31.036 31.040 31.044 31.048 31.053 31.057 31.061 31.065 31.069 31.073 31.077 31.081 31.085 31.089 31.092 31.096 31.100 31.103 31.107 31.110 31.114 31.117 31.120 31.124 31.128 31.131 31.134 31.138 31.142 31.145 31.148 31.153 31.157 31.160 31.164 31.168 31.172 31.176 31.180
30.846 30.849 30.851 30.855 30.858 30.862 30.866 30.870 30.874 30.878 30.881 30.885 30.889 30.893 30.897 30.901 30.905 30.909 30.913 30.917 30.922 30.926 30.930 30.935 30.939 30.944 30.948 30.953 30.958 30.963 30.968 30.972 30.977 30.982 30.987 30.992 30.997 31.002 31.007 31.012 31.017 31.022 31.027 31.032 31.037 31.041 31.045 31.050 31.055 31.059 31.063 31.068 31.072 31.076 31.080 31.084 31.089 31.093 31.097 31.101 31.105 31.110 31.114 31.119 31.123 31.128 31.132 31.137 31.142 31.147 31.152
30.777 30.780 30.782 30.786 30.790 30.794 30.799 30.802 30.806 30.809 30.813 30.817 30.821 30.826 30.831 30.834 30.838 30.842 30.845 30.850 30.855 30.860 30.865 30.870 30.874 30.879 30.885 30.890 30.896 30.902 30.907 30.913 30.918 30.924 30.930 30.936 30.942 30.947 30.953 30.959 30.966 30.971 30.977 30.983 30.988 30.993 30.999 31.004 31.010 31.015 31.020 31.025 31.030 31.035 31.040 31.045 31.050 31.055 31.060 31.065 31.069 31.074 31.080 31.085 31.090 31.095 31.101 31.106 31.112 31.118 31.123
30.682 30.684 30.686 30.690 30.693 30.697 30.701 30.704 30.708 30.712 30.716 30.719 30.723 30.727 30.731 30.736 30.741 30.745 30.750 30.755 30.760 30.767 30.773 30.780 30.787 30.793 30.799 30.806 30.814 30.822 30.829 30.836 30.843 30.850 30.857 30.865 30.872 30.879 30.886 30.893 30.901 30.907 30.914 30.921 30.928 30.934 30.940 30.947 30.953 30.959 30.966 30.972 30.978 30.984 30.990 30.996 31.002 31.008 31.013 31.019 31.025 31.031 31.037 31.043 31.049 31.055 31.061 31.067 31.074 31.080 31.086
30.587 30.589 30.591 30.594 30.597 30.600 30.603 30.606 30.610 30.614 30.619 30.622 30.625 30.628 30.632 30.637 30.643 30.649 30.654 30.659 30.665 30.673 30.681 30.690 30.699 30.706 30.714 30.723 30.732 30.741 30.751 30.759 30.767 30.776 30.785 30.794 30.803 30.811 30.819 30.827 30.836 30.844 30.852 30.859 30.867 30.874 30.882 30.889 30.897 30.904 30.911 30.918 30.926 30.933 30.940 30.947 30.954 30.960 30.967 30.973 30.980 30.987 30.994 31.001 31.008 31.015 31.021 31.029 31.036 31.043 31.050
30.426 30.426 30.425 30.427 30.428 30.431 30.435 30.438 30.442 30.447 30.451 30.455 30.459 30.463 30.467 30.472 30.477 30.485 30.493 30.502 30.512 30.525 30.538 30.553 30.569 30.583 30.597 30.611 30.625 30.639 30.653 30.665 30.678 30.689 30.700 30.711 30.723 30.733 30.743 30.753 30.762 30.772 30.782 30.791 30.800 30.809 30.818 30.826 30.835 30.843 30.852 30.860 30.868 30.875 30.883 30.890 30.898 30.905 30.912 30.919 30.926 30.933 30.940 30.947 30.955 30.962 30.969 30.976 30.984 30.991 30.999
30.266 30.263 30.260 30.260 30.260 30.263 30.267 30.270 30.275 30.279 30.283 30.288 30.293 30.297 30.301 30.306 30.311 30.322 30.332 30.345 30.359 30.376 30.395 30.417 30.439 30.459 30.480 30.499 30.518 30.537 30.556 30.571 30.588 30.601 30.615 30.629 30.643 30.655 30.667 30.678 30.689 30.701 30.713 30.723 30.733 30.743 30.754 30.764 30.774 30.783 30.792 30.801 30.809 30.818 30.826 30.834 30.841 30.849 30.857 30.864 30.872 30.879 30.886 30.894 30.901 30.909 30.917 30.924 30.932 30.940 30.948
29.922 29.921 29.921 29.922 29.923 29.928 29.933 29.940 29.948 29.958 29.968 29.980 29.992 30.005 30.019 30.034 30.050 30.069 30.089 30.112 30.136 30.162 30.188 30.216 30.245 30.272 30.300 30.326 30.353 30.379 30.406 30.429 30.453 30.475 30.496 30.517 30.538 30.556 30.575 30.592 30.610 30.626 30.642 30.655 30.668 30.680 30.693 30.704 30.716 30.725 30.735 30.744 30.752 30.760 30.768 30.776 30.784 30.792 30.800 30.807 30.815 30.822 30.830 30.837 30.845 30.852 30.860 30.867 30.875 30.883 30.891
29.579 29.580 29.581 29.584 29.587 29.592 29.599 29.610 29.621 29.636 29.652 29.671 29.691 29.713 29.736 29.762 29.788 29.817 29.846 29.880 29.913 29.947 29.982 30.016 30.051 30.085 30.119 30.154 30.189 30.222 30.256 30.287 30.319 30.348 30.378 30.405 30.433 30.458 30.484 30.507 30.530 30.550 30.571 30.586 30.602 30.617 30.632 30.645 30.658 30.667 30.677 30.686 30.696 30.703 30.711 30.719 30.727 30.735 30.743 30.750 30.757 30.765 30.773 30.781 30.788 30.795 30.802 30.810 30.818 30.826 30.833
29.181 29.192 29.203 29.215 29.227 29.243 29.259 29.278 29.297 29.320 29.344 29.368 29.393 29.420 29.446 29.475 29.503 29.535 29.567 29.601 29.636 29.671 29.707 29.744 29.780 29.818 29.857 29.900 29.943 29.987 30.030 30.075 30.120 30.164 30.209 30.250 30.292 30.329 30.367 30.399 30.431 30.457 30.483 30.505 30.528 30.547 30.566 30.583 30.599 30.612 30.625 30.637 30.648 30.657 30.666 30.674 30.683 30.690 30.698 30.705 30.712 30.719 30.726 30.733 30.740 30.747 30.753 30.760 30.767 30.773 30.780
28.784 28.805 28.825 28.846 28.867 28.893 28.920 28.946 28.973 29.004 29.035 29.065 29.095 29.126 29.157 29.188 29.219 29.254 29.289 29.323 29.359 29.396 29.433 29.471 29.510 29.552 29.594 29.646 29.698 29.751 29.805 29.862 29.921 29.980 30.040 30.095 30.150 30.200 30.251 30.291 30.331 30.363 30.396 30.424 30.453 30.477 30.501 30.521 30.541 30.557 30.573 30.587 30.601 30.611 30.620 30.629 30.638 30.645 30.653 30.660 30.667 30.673 30.679 30.685 30.691 30.698 30.704 30.710 30.715 30.721 30.727
28.574 28.607 28.640 28.656 28.673 28.702 28.731 28.755 28.779 28.772 28.766 28.791 28.816 28.843 28.871 28.895 28.919 28.947 28.976 29.008 29.040 29.080 29.120 29.167 29.214 29.268 29.322 29.382 29.444 29.505 29.566 29.633 29.701 29.768 29.836 29.900 29.964 30.019 30.075 30.122 30.169 30.211 30.252 30.291 30.330 30.365 30.400 30.431 30.463 30.488 30.513 30.533 30.553 30.566 30.579 30.591 30.602 30.611 30.619 30.627 30.634 30.640 30.647 30.653 30.659 30.665 30.671 30.676 30.681 30.686 30.690
-99999 -99999 -99999 -99999 -99999 -99999 -99999 -99999 -99999 -99999 -99999 -99999 -99999 -99999 -99999 28.601 28.619 28.641 28.663 28.692 28.722 28.764 28.807 28.862 28.918 28.983 29.049 29.119 29.190 29.259 29.328 29.404 29.481 29.556 29.631 29.705 29.778 29.838 29.899 29.953 30.008 30.058 30.108 30.157 30.207 30.253 30.299 30.342 30.385 30.419 30.453 30.479 30.505 30.521 30.538 30.552 30.566 30.576 30.586 30.594 30.601 30.608 30.615 30.621 30.627 30.632 30.637 30.642 30.646 30.650 30.653
-99999 -99999 -99999 -99999 -99999 -99999 -99999 -99999 -99999 -99999 -99999 -99999 -99999 -99999 -99999 28.333 28.335 28.329 28.324 28.390 28.456 28.468 28.480 28.549 28.618 28.695 28.773 28.853 28.933 29.014 29.095 29.178 29.262 29.342 29.422 29.498 29.574 29.640 29.706 29.770 29.834 29.893 29.952 30.011 30.070 30.123 30.178 30.228 30.278 30.317 30.356 30.388 30.420 30.444 30.468 30.488 30.508 30.524 30.539 30.552 30.565 30.575 30.585 30.593 30.602 30.610 30.617 30.623 30.629 30.633 30.637
-99999 -99999 -99999 -99999 -99999 -99999 -99999 -99999 -99999 -99999 -99999 -99999 -99999 -99999 -99999 -99999 -99999 28.018 27.985 28.087 28.190 28.171 28.152 28.235 28.318 28.407 28.497 28.587 28.677 28.769 28.861 28.952 29.044 29.128 29.213 29.291 29.370 29.442 29.514 29.587 29.659 29.728 29.797 29.864 29.933 29.994 30.056 30.114 30.171 30.215 30.259 30.297 30.336 30.366 30.397 30.423 30.450 30.471 30.493 30.510 30.528 30.541 30.555 30.566 30.578 30.588 30.597 30.604 30.611 30.616 30.620
-99999 -99999 -99999 -99999 -99999 -99999 -99999 -99999 -99999 -99999 -99999 -99999 -99999 -99999 -99999 -99999 -99999 27.691 27.748 27.823 27.898 27.890 27.881 27.979 28.078 28.179 28.282 28.377 28.474 28.564 28.656 28.744 28.833 28.917 29.002 29.082 29.163 29.241 29.319 29.395 29.471 29.543 29.615 29.684 29.753 29.816 29.880 29.938 29.998 30.047 30.096 30.141 30.187 30.224 30.262 30.296 30.330 30.359 30.388 30.413 30.437 30.458 30.480 30.499 30.519 30.538 30.557 30.572 30.587 30.599 30.611
-99999 -99999 -99999 -99999 -99999 26.470 26.524 26.598 26.674 26.782 26.892 -99999 -99999 -99999 -99999 -99999 -99999 27.364 27.511 27.558 27.607 27.608 27.611 27.724 27.837 27.952 28.067 28.168 28.270 28.360 28.450 28.536 28.622 28.706 28.791 28.874 28.957 29.040 29.124 29.203 29.283 29.357 29.433 29.503 29.573 29.638 29.703 29.763 29.824 29.878 29.934 29.985 30.037 30.082 30.127 30.168 30.210 30.247 30.283 30.315 30.347 30.376 30.405 30.433 30.461 30.488 30.516 30.539 30.562 30.582 30.601
-99999 -99999 -99999 -99999 -99999 26.313 26.368 26.355 26.342 26.413 26.484 -99999 -99999 -99999 -99999 -99999 -99999 27.001 27.129 27.214 27.299 27.360 27.422 27.528 27.634 27.733 27.832 27.916 28.000 28.082 28.165 28.251 28.337 28.424 28.512 28.598 28.685 28.773 28.860 28.946 29.033 29.116 29.200 29.276 29.353 29.424 29.496 29.562 29.629 29.690 29.752 29.809 29.867 29.919 29.972 30.020 30.069 30.114 30.159 30.199 30.239 30.277 30.315 30.351 30.388 30.422 30.457 30.489 30.521 30.549 30.576
