230620T130023_230601T165519_230321_sos_CMIP6_ssp126_2071_2101_mean-0p5deg.txt
ncols 719
nrows 359
xllcorner 0.0
yllcorner -89.5
cellsize 0.5
NODATA_value -99999
[rows 256 to 287 of 359, columns 426 to 496 of 719]
34.478 34.471 34.463 34.456 34.449 34.441 34.433 34.426 34.418 34.410 34.402 34.395 34.387 34.379 34.371 34.364 34.356 34.349 34.341 34.334 34.326 34.318 34.311 34.303 34.295 34.287 34.278 34.270 34.262 34.254 34.246 34.238 34.229 34.222 34.214 34.206 34.198 34.191 34.184 34.176 34.168 34.160 34.152 34.145 34.137 34.130 34.122 34.115 34.108 34.101 34.094 34.087 34.081 34.074 34.067 34.061 34.054 34.047 34.040 34.033 34.026 34.019 34.012 34.006 33.999 33.993 33.986 33.981 33.974 33.968 33.962
34.444 34.437 34.429 34.422 34.415 34.408 34.400 34.393 34.385 34.378 34.370 34.363 34.356 34.348 34.340 34.333 34.326 34.318 34.311 34.304 34.296 34.289 34.281 34.274 34.266 34.258 34.250 34.242 34.234 34.226 34.218 34.210 34.202 34.195 34.187 34.180 34.172 34.165 34.158 34.150 34.143 34.135 34.127 34.120 34.112 34.105 34.097 34.090 34.083 34.076 34.070 34.063 34.056 34.050 34.043 34.037 34.030 34.023 34.016 34.010 34.003 33.996 33.989 33.982 33.976 33.970 33.963 33.957 33.951 33.945 33.939
34.410 34.403 34.395 34.388 34.381 34.374 34.367 34.360 34.353 34.346 34.338 34.331 34.324 34.317 34.310 34.302 34.295 34.288 34.281 34.274 34.266 34.259 34.252 34.244 34.237 34.229 34.221 34.214 34.206 34.198 34.191 34.183 34.175 34.168 34.161 34.154 34.146 34.139 34.132 34.125 34.117 34.110 34.102 34.095 34.087 34.080 34.073 34.066 34.059 34.052 34.045 34.039 34.032 34.026 34.019 34.013 34.006 34.000 33.993 33.986 33.979 33.972 33.965 33.959 33.953 33.946 33.940 33.934 33.927 33.921 33.915
34.381 34.374 34.367 34.360 34.353 34.347 34.340 34.333 34.326 34.319 34.312 34.305 34.298 34.291 34.284 34.277 34.270 34.264 34.257 34.250 34.243 34.236 34.228 34.221 34.214 34.207 34.199 34.192 34.184 34.177 34.170 34.162 34.155 34.148 34.141 34.134 34.127 34.120 34.113 34.106 34.099 34.091 34.084 34.077 34.069 34.062 34.055 34.048 34.041 34.035 34.028 34.022 34.015 34.009 34.003 33.996 33.990 33.983 33.977 33.970 33.963 33.956 33.949 33.943 33.937 33.930 33.924 33.918 33.912 33.906 33.900
34.353 34.346 34.339 34.332 34.326 34.319 34.312 34.306 34.299 34.292 34.285 34.279 34.272 34.266 34.259 34.253 34.246 34.239 34.233 34.226 34.219 34.212 34.205 34.198 34.191 34.184 34.177 34.170 34.163 34.156 34.148 34.142 34.135 34.128 34.121 34.115 34.108 34.101 34.094 34.087 34.080 34.073 34.066 34.059 34.052 34.045 34.037 34.031 34.024 34.018 34.011 34.005 33.999 33.992 33.986 33.980 33.973 33.967 33.961 33.954 33.947 33.940 33.934 33.927 33.921 33.915 33.909 33.903 33.897 33.891 33.885
34.329 34.322 34.315 34.309 34.302 34.296 34.289 34.283 34.277 34.270 34.264 34.257 34.251 34.245 34.238 34.232 34.225 34.219 34.212 34.206 34.199 34.193 34.186 34.179 34.173 34.166 34.159 34.152 34.145 34.139 34.132 34.125 34.118 34.112 34.106 34.099 34.093 34.086 34.079 34.073 34.066 34.059 34.053 34.046 34.039 34.032 34.025 34.018 34.012 34.005 33.999 33.993 33.987 33.981 33.974 33.968 33.962 33.956 33.950 33.943 33.937 33.930 33.923 33.917 33.911 33.905 33.899 33.893 33.887 33.881 33.875
34.305 34.298 34.291 34.285 34.279 34.273 34.267 34.260 34.254 34.248 34.242 34.236 34.230 34.223 34.217 34.211 34.205 34.198 34.192 34.186 34.180 34.174 34.167 34.161 34.154 34.148 34.141 34.135 34.128 34.122 34.115 34.109 34.102 34.096 34.090 34.084 34.078 34.071 34.065 34.059 34.052 34.046 34.039 34.033 34.026 34.019 34.012 34.006 33.999 33.993 33.987 33.981 33.975 33.969 33.963 33.957 33.951 33.945 33.938 33.932 33.926 33.919 33.913 33.906 33.900 33.894 33.888 33.883 33.877 33.871 33.866
34.284 34.278 34.271 34.265 34.259 34.253 34.247 34.241 34.235 34.229 34.223 34.217 34.212 34.206 34.200 34.194 34.188 34.182 34.176 34.170 34.164 34.158 34.152 34.146 34.140 34.133 34.127 34.121 34.115 34.108 34.102 34.096 34.090 34.084 34.078 34.072 34.066 34.060 34.054 34.048 34.042 34.036 34.029 34.023 34.016 34.010 34.004 33.997 33.991 33.985 33.979 33.973 33.967 33.961 33.955 33.949 33.943 33.937 33.931 33.925 33.919 33.913 33.906 33.900 33.894 33.888 33.883 33.877 33.871 33.866 33.860
34.264 34.258 34.251 34.245 34.240 34.234 34.228 34.222 34.216 34.211 34.205 34.199 34.194 34.188 34.182 34.177 34.171 34.165 34.159 34.154 34.148 34.142 34.136 34.131 34.125 34.119 34.113 34.107 34.101 34.095 34.089 34.083 34.077 34.072 34.066 34.060 34.055 34.049 34.043 34.037 34.031 34.025 34.019 34.013 34.007 34.001 33.995 33.989 33.983 33.977 33.971 33.966 33.960 33.954 33.948 33.942 33.936 33.930 33.924 33.918 33.912 33.906 33.900 33.894 33.888 33.882 33.877 33.871 33.866 33.860 33.855
34.243 34.237 34.231 34.226 34.220 34.215 34.209 34.204 34.198 34.193 34.187 34.182 34.177 34.171 34.166 34.160 34.155 34.150 34.144 34.139 34.133 34.128 34.122 34.117 34.111 34.106 34.100 34.094 34.089 34.083 34.078 34.072 34.066 34.061 34.055 34.050 34.044 34.039 34.033 34.028 34.022 34.017 34.011 34.005 34.000 33.994 33.988 33.982 33.976 33.971 33.965 33.960 33.954 33.949 33.943 33.937 33.931 33.926 33.920 33.914 33.908 33.902 33.896 33.891 33.885 33.879 33.874 33.868 33.863 33.857 33.852
34.223 34.217 34.211 34.206 34.201 34.195 34.190 34.185 34.180 34.175 34.169 34.165 34.160 34.154 34.149 34.144 34.139 34.134 34.129 34.124 34.119 34.114 34.108 34.103 34.098 34.093 34.087 34.082 34.077 34.071 34.066 34.060 34.055 34.050 34.044 34.039 34.034 34.029 34.024 34.019 34.013 34.008 34.003 33.997 33.992 33.987 33.981 33.976 33.970 33.965 33.959 33.954 33.949 33.943 33.938 33.932 33.927 33.921 33.916 33.910 33.904 33.899 33.893 33.887 33.882 33.876 33.870 33.865 33.860 33.855 33.849
34.202 34.196 34.191 34.185 34.180 34.175 34.170 34.165 34.160 34.156 34.151 34.146 34.141 34.137 34.132 34.127 34.122 34.118 34.113 34.108 34.104 34.099 34.094 34.089 34.084 34.079 34.074 34.069 34.064 34.059 34.054 34.049 34.044 34.039 34.034 34.029 34.024 34.019 34.014 34.010 34.005 34.000 33.995 33.990 33.985 33.980 33.974 33.969 33.964 33.959 33.954 33.949 33.944 33.939 33.934 33.928 33.923 33.918 33.913 33.907 33.902 33.896 33.891 33.885 33.880 33.874 33.869 33.864 33.859 33.854 33.849
34.181 34.175 34.170 34.165 34.160 34.155 34.150 34.146 34.141 34.137 34.132 34.128 34.123 34.119 34.114 34.110 34.105 34.101 34.097 34.093 34.088 34.084 34.080 34.075 34.070 34.066 34.061 34.057 34.052 34.047 34.043 34.038 34.033 34.028 34.023 34.019 34.014 34.010 34.005 34.001 33.996 33.991 33.987 33.982 33.977 33.973 33.968 33.963 33.958 33.953 33.948 33.944 33.939 33.934 33.930 33.925 33.920 33.914 33.909 33.904 33.899 33.894 33.889 33.883 33.878 33.873 33.868 33.863 33.858 33.853 33.848
34.159 34.154 34.149 34.145 34.140 34.135 34.130 34.126 34.121 34.117 34.113 34.108 34.104 34.100 34.096 34.092 34.087 34.083 34.079 34.075 34.071 34.067 34.063 34.059 34.055 34.051 34.047 34.043 34.039 34.034 34.030 34.026 34.021 34.016 34.012 34.008 34.003 33.999 33.995 33.991 33.986 33.982 33.978 33.974 33.969 33.965 33.961 33.956 33.952 33.947 33.943 33.938 33.934 33.930 33.925 33.921 33.916 33.911 33.907 33.902 33.897 33.892 33.887 33.882 33.877 33.872 33.867 33.862 33.858 33.853 33.849
34.138 34.133 34.129 34.124 34.119 34.115 34.110 34.106 34.102 34.098 34.093 34.089 34.085 34.081 34.077 34.073 34.069 34.065 34.062 34.058 34.054 34.051 34.047 34.044 34.040 34.037 34.033 34.029 34.026 34.022 34.018 34.013 34.009 34.005 34.001 33.997 33.993 33.989 33.985 33.981 33.977 33.973 33.969 33.965 33.961 33.957 33.953 33.949 33.945 33.941 33.937 33.933 33.929 33.925 33.921 33.917 33.913 33.908 33.904 33.899 33.895 33.890 33.886 33.881 33.876 33.871 33.867 33.862 33.858 33.853 33.849
34.113 34.109 34.105 34.101 34.097 34.093 34.088 34.085 34.081 34.077 34.072 34.069 34.065 34.061 34.057 34.053 34.049 34.046 34.042 34.039 34.036 34.032 34.029 34.026 34.023 34.020 34.016 34.013 34.010 34.006 34.003 33.999 33.996 33.992 33.988 33.984 33.981 33.977 33.973 33.969 33.965 33.962 33.958 33.955 33.951 33.947 33.944 33.940 33.937 33.933 33.929 33.926 33.922 33.918 33.915 33.911 33.907 33.903 33.899 33.895 33.891 33.887 33.883 33.879 33.874 33.870 33.866 33.861 33.857 33.853 33.849
34.088 34.085 34.081 34.078 34.074 34.070 34.067 34.063 34.059 34.055 34.052 34.048 34.044 34.041 34.037 34.033 34.030 34.026 34.023 34.020 34.017 34.014 34.011 34.008 34.005 34.003 34.000 33.997 33.994 33.991 33.988 33.985 33.982 33.979 33.975 33.972 33.968 33.965 33.961 33.958 33.954 33.951 33.947 33.944 33.941 33.938 33.934 33.931 33.928 33.925 33.921 33.918 33.915 33.912 33.908 33.905 33.902 33.898 33.895 33.891 33.888 33.884 33.880 33.877 33.873 33.869 33.864 33.861 33.857 33.853 33.850
34.061 34.057 34.054 34.051 34.048 34.044 34.041 34.038 34.035 34.031 34.028 34.025 34.021 34.018 34.015 34.012 34.009 34.006 34.003 34.000 33.997 33.994 33.992 33.989 33.987 33.985 33.982 33.980 33.978 33.975 33.973 33.970 33.967 33.964 33.961 33.958 33.955 33.952 33.948 33.945 33.942 33.939 33.935 33.932 33.929 33.926 33.924 33.921 33.918 33.915 33.912 33.909 33.906 33.903 33.900 33.898 33.895 33.892 33.889 33.886 33.883 33.880 33.877 33.873 33.870 33.866 33.863 33.859 33.856 33.853 33.849
34.033 34.030 34.027 34.024 34.021 34.018 34.016 34.013 34.010 34.007 34.004 34.001 33.999 33.996 33.993 33.990 33.987 33.985 33.982 33.980 33.977 33.975 33.973 33.971 33.969 33.967 33.965 33.963 33.961 33.959 33.957 33.955 33.952 33.950 33.947 33.944 33.941 33.938 33.935 33.932 33.929 33.927 33.924 33.921 33.918 33.915 33.913 33.910 33.908 33.905 33.902 33.900 33.897 33.895 33.892 33.890 33.888 33.885 33.883 33.881 33.878 33.876 33.873 33.870 33.867 33.864 33.861 33.858 33.855 33.852 33.849
34.003 34.001 33.999 33.996 33.994 33.991 33.989 33.986 33.984 33.981 33.979 33.976 33.974 33.971 33.969 33.966 33.964 33.962 33.959 33.957 33.955 33.953 33.952 33.950 33.949 33.948 33.946 33.945 33.944 33.942 33.941 33.939 33.937 33.934 33.932 33.930 33.927 33.924 33.922 33.919 33.916 33.914 33.911 33.908 33.906 33.903 33.901 33.899 33.896 33.894 33.892 33.889 33.887 33.885 33.883 33.881 33.879 33.877 33.875 33.873 33.871 33.869 33.867 33.865 33.862 33.860 33.857 33.855 33.852 33.850 33.847
33.973 33.972 33.970 33.968 33.966 33.964 33.962 33.960 33.958 33.955 33.953 33.951 33.949 33.947 33.945 33.943 33.941 33.939 33.937 33.935 33.933 33.932 33.931 33.930 33.929 33.928 33.928 33.927 33.926 33.925 33.924 33.923 33.921 33.919 33.917 33.915 33.913 33.910 33.908 33.905 33.903 33.900 33.898 33.896 33.894 33.891 33.889 33.887 33.885 33.883 33.881 33.879 33.877 33.875 33.873 33.871 33.870 33.868 33.867 33.865 33.864 33.862 33.861 33.859 33.858 33.856 33.854 33.852 33.849 33.847 33.845
33.942 33.942 33.941 33.940 33.939 33.938 33.936 33.935 33.933 33.931 33.929 33.927 33.925 33.924 33.922 33.920 33.918 33.916 33.914 33.913 33.911 33.910 33.909 33.909 33.909 33.908 33.908 33.908 33.908 33.908 33.907 33.906 33.905 33.904 33.902 33.900 33.898 33.896 33.894 33.891 33.889 33.887 33.885 33.883 33.880 33.878 33.876 33.874 33.872 33.871 33.869 33.867 33.865 33.863 33.861 33.860 33.859 33.857 33.856 33.855 33.854 33.853 33.853 33.852 33.851 33.849 33.848 33.847 33.845 33.843 33.842
33.912 33.912 33.913 33.913 33.912 33.912 33.911 33.910 33.908 33.907 33.905 33.904 33.902 33.900 33.899 33.897 33.895 33.894 33.892 33.891 33.890 33.889 33.888 33.888 33.888 33.889 33.889 33.889 33.890 33.890 33.890 33.890 33.890 33.889 33.888 33.886 33.884 33.882 33.880 33.878 33.875 33.873 33.871 33.869 33.867 33.865 33.864 33.862 33.860 33.858 33.857 33.855 33.853 33.852 33.850 33.849 33.847 33.847 33.846 33.845 33.845 33.845 33.844 33.844 33.844 33.843 33.843 33.842 33.840 33.839 33.838
33.881 33.882 33.883 33.884 33.884 33.884 33.884 33.884 33.883 33.882 33.881 33.880 33.879 33.878 33.877 33.876 33.875 33.874 33.872 33.872 33.871 33.870 33.870 33.870 33.870 33.871 33.871 33.872 33.872 33.873 33.873 33.873 33.873 33.873 33.872 33.871 33.870 33.868 33.866 33.865 33.863 33.861 33.859 33.857 33.855 33.853 33.851 33.849 33.847 33.846 33.844 33.842 33.840 33.839 33.837 33.836 33.835 33.834 33.833 33.833 33.833 33.833 33.834 33.835 33.835 33.835 33.835 33.835 33.834 33.834 33.833
33.851 33.852 33.854 33.855 33.856 33.857 33.857 33.858 33.858 33.858 33.857 33.856 33.856 33.855 33.855 33.854 33.854 33.853 33.853 33.852 33.852 33.851 33.851 33.852 33.852 33.853 33.853 33.854 33.855 33.856 33.856 33.857 33.857 33.857 33.857 33.856 33.855 33.854 33.853 33.852 33.850 33.849 33.847 33.845 33.842 33.840 33.838 33.837 33.835 33.833 33.831 33.829 33.828 33.826 33.824 33.823 33.822 33.821 33.821 33.821 33.821 33.822 33.824 33.825 33.826 33.827 33.828 33.828 33.828 33.828 33.828
33.825 33.826 33.827 33.828 33.829 33.831 33.832 33.832 33.833 33.833 33.833 33.834 33.834 33.834 33.834 33.834 33.834 33.834 33.834 33.834 33.835 33.835 33.835 33.836 33.837 33.838 33.838 33.839 33.840 33.841 33.842 33.842 33.843 33.843 33.843 33.843 33.842 33.842 33.841 33.840 33.839 33.837 33.835 33.833 33.832 33.830 33.827 33.826 33.824 33.822 33.820 33.818 33.816 33.814 33.813 33.811 33.810 33.810 33.809 33.810 33.811 33.813 33.814 33.816 33.818 33.819 33.820 33.821 33.821 33.821 33.822
33.799 33.800 33.800 33.802 33.803 33.804 33.806 33.807 33.808 33.809 33.810 33.811 33.811 33.812 33.813 33.813 33.814 33.815 33.816 33.817 33.818 33.818 33.819 33.820 33.821 33.823 33.824 33.825 33.826 33.826 33.827 33.828 33.829 33.829 33.829 33.829 33.829 33.829 33.828 33.828 33.827 33.826 33.824 33.822 33.821 33.819 33.817 33.815 33.813 33.811 33.809 33.807 33.805 33.803 33.801 33.800 33.798 33.798 33.798 33.799 33.800 33.803 33.805 33.807 33.810 33.811 33.813 33.814 33.814 33.815 33.815
33.780 33.781 33.781 33.782 33.783 33.785 33.787 33.788 33.789 33.790 33.791 33.792 33.793 33.793 33.794 33.795 33.796 33.797 33.798 33.799 33.800 33.802 33.803 33.805 33.807 33.809 33.810 33.812 33.814 33.815 33.816 33.817 33.818 33.818 33.819 33.819 33.818 33.818 33.818 33.818 33.817 33.816 33.815 33.813 33.812 33.810 33.808 33.806 33.804 33.802 33.800 33.798 33.796 33.794 33.792 33.791 33.790 33.789 33.789 33.791 33.792 33.795 33.798 33.800 33.803 33.804 33.806 33.807 33.808 33.808 33.809
33.761 33.761 33.762 33.763 33.764 33.766 33.767 33.769 33.770 33.771 33.772 33.773 33.774 33.775 33.776 33.777 33.778 33.779 33.781 33.782 33.783 33.785 33.787 33.790 33.792 33.795 33.797 33.799 33.802 33.804 33.806 33.807 33.808 33.808 33.808 33.808 33.808 33.808 33.808 33.807 33.807 33.806 33.806 33.804 33.803 33.801 33.799 33.797 33.795 33.793 33.791 33.789 33.787 33.785 33.783 33.782 33.781 33.781 33.781 33.783 33.785 33.787 33.790 33.793 33.795 33.797 33.799 33.800 33.801 33.802 33.802
33.750 33.751 33.751 33.752 33.753 33.755 33.756 33.758 33.759 33.760 33.761 33.761 33.762 33.763 33.764 33.765 33.765 33.767 33.768 33.769 33.771 33.773 33.774 33.777 33.779 33.781 33.783 33.786 33.789 33.791 33.794 33.795 33.797 33.798 33.799 33.799 33.800 33.800 33.800 33.800 33.800 33.799 33.798 33.797 33.796 33.794 33.792 33.790 33.788 33.786 33.785 33.783 33.781 33.779 33.778 33.776 33.775 33.775 33.775 33.777 33.778 33.780 33.783 33.786 33.788 33.790 33.792 33.793 33.794 33.795 33.795
33.739 33.740 33.740 33.741 33.742 33.744 33.746 33.747 33.748 33.749 33.750 33.750 33.750 33.751 33.751 33.752 33.753 33.754 33.755 33.757 33.758 33.760 33.761 33.763 33.765 33.767 33.770 33.773 33.775 33.778 33.781 33.784 33.787 33.788 33.790 33.791 33.792 33.792 33.792 33.792 33.792 33.792 33.791 33.790 33.789 33.787 33.786 33.784 33.782 33.780 33.778 33.776 33.775 33.773 33.772 33.771 33.770 33.769 33.769 33.770 33.771 33.774 33.776 33.778 33.781 33.783 33.785 33.786 33.787 33.788 33.789
33.733 33.734 33.735 33.736 33.737 33.738 33.739 33.741 33.742 33.743 33.744 33.744 33.745 33.745 33.745 33.746 33.746 33.747 33.748 33.750 33.751 33.753 33.755 33.757 33.759 33.761 33.763 33.765 33.767 33.770 33.773 33.776 33.778 33.781 33.783 33.784 33.785 33.786 33.786 33.786 33.786 33.786 33.786 33.785 33.784 33.783 33.781 33.780 33.778 33.776 33.775 33.773 33.771 33.770 33.769 33.768 33.766 33.766 33.766 33.766 33.767 33.769 33.770 33.772 33.774 33.776 33.778 33.779 33.780 33.781 33.782
