230620T130023_230601T165519_230321_sos_CMIP6_ssp126_2071_2101_mean-0p5deg.txt
ncols 719
nrows 359
xllcorner 0.0
yllcorner -89.5
cellsize 0.5
NODATA_value -99999
[rows 160 to 191 of 359, columns 639 to 709 of 719]
35.729 35.735 35.763 35.791 35.791 35.791 35.790 35.789 35.788 35.788 35.786 35.784 35.780 35.776 35.771 35.765 35.758 35.751 35.744 35.738 35.732 35.726 35.721 35.717 35.717 35.717 35.721 35.724 35.736 35.747 35.765 35.784 35.803 35.822 35.845 35.868 35.890 35.912 35.923 35.934 35.942 35.951 35.945 35.941 35.907 35.873 35.809 35.744 35.644 35.544 35.373 35.202 -99999 -99999 -99999 -99999 -99999 -99999 -99999 -99999 -99999 -99999 -99999 -99999 -99999 -99999 -99999 -99999 -99999 -99999 -99999
35.651 35.657 35.685 35.714 35.714 35.713 35.713 35.712 35.711 35.710 35.709 35.708 35.705 35.702 35.696 35.691 35.684 35.677 35.670 35.663 35.656 35.649 35.643 35.637 35.634 35.632 35.633 35.633 35.640 35.647 35.663 35.680 35.697 35.715 35.739 35.763 35.789 35.816 35.830 35.845 35.858 35.871 35.873 35.875 35.854 35.833 35.784 35.735 35.642 35.548 35.386 35.224 -99999 -99999 -99999 -99999 -99999 -99999 -99999 -99999 -99999 -99999 -99999 -99999 -99999 -99999 -99999 -99999 -99999 -99999 -99999
35.574 35.578 35.607 35.636 35.636 35.635 35.635 35.635 35.634 35.633 35.632 35.632 35.629 35.627 35.622 35.617 35.610 35.604 35.596 35.588 35.580 35.572 35.564 35.556 35.552 35.548 35.545 35.542 35.545 35.547 35.561 35.575 35.592 35.608 35.633 35.658 35.689 35.720 35.738 35.755 35.773 35.791 35.800 35.809 35.801 35.793 35.760 35.726 35.639 35.552 35.399 35.246 35.071 34.895 -99999 -99999 -99999 -99999 -99999 -99999 -99999 -99999 -99999 -99999 -99999 -99999 -99999 -99999 -99999 -99999 -99999
35.513 35.516 35.543 35.570 35.567 35.564 35.563 35.561 35.558 35.555 35.554 35.552 35.549 35.546 35.540 35.535 35.527 35.519 35.510 35.502 35.494 35.486 35.478 35.469 35.465 35.461 35.456 35.452 35.452 35.453 35.462 35.471 35.483 35.495 35.516 35.537 35.564 35.591 35.611 35.632 35.653 35.675 35.690 35.705 35.709 35.713 35.697 35.681 35.618 35.555 35.427 35.298 35.129 34.960 -99999 -99999 -99999 -99999 -99999 -99999 -99999 -99999 -99999 -99999 -99999 -99999 -99999 -99999 -99999 -99999 -99999
35.452 35.454 35.479 35.503 35.498 35.493 35.490 35.487 35.483 35.478 35.475 35.472 35.469 35.465 35.458 35.452 35.443 35.434 35.425 35.416 35.408 35.400 35.391 35.383 35.378 35.374 35.368 35.362 35.360 35.358 35.362 35.367 35.375 35.383 35.399 35.416 35.439 35.461 35.485 35.508 35.534 35.560 35.580 35.601 35.617 35.633 35.635 35.637 35.598 35.559 35.455 35.350 35.187 35.025 34.907 34.789 -99999 -99999 -99999 -99999 -99999 -99999 -99999 -99999 -99999 -99999 -99999 -99999 -99999 -99999 -99999
35.438 35.438 35.457 35.476 35.469 35.462 35.456 35.450 35.442 35.435 35.430 35.424 35.418 35.411 35.404 35.397 35.385 35.374 35.363 35.352 35.341 35.330 35.321 35.311 35.305 35.298 35.290 35.282 35.278 35.275 35.275 35.276 35.280 35.284 35.295 35.305 35.322 35.338 35.357 35.377 35.401 35.425 35.448 35.471 35.491 35.511 35.526 35.542 35.526 35.510 35.443 35.376 35.247 35.118 34.996 34.874 -99999 -99999 -99999 -99999 -99999 -99999 -99999 -99999 -99999 -99999 -99999 -99999 -99999 -99999 -99999
35.425 35.421 35.435 35.449 35.439 35.430 35.421 35.413 35.402 35.391 35.384 35.377 35.367 35.358 35.350 35.341 35.328 35.314 35.301 35.289 35.275 35.261 35.250 35.240 35.231 35.222 35.212 35.203 35.197 35.191 35.189 35.186 35.186 35.186 35.190 35.195 35.205 35.215 35.230 35.245 35.268 35.291 35.316 35.340 35.365 35.389 35.418 35.448 35.454 35.460 35.431 35.403 35.307 35.212 35.086 34.960 34.805 34.651 -99999 -99999 -99999 -99999 -99999 -99999 -99999 -99999 -99999 -99999 -99999 -99999 -99999
35.469 35.465 35.474 35.483 35.472 35.461 35.450 35.438 35.425 35.412 35.401 35.389 35.376 35.363 35.352 35.340 35.324 35.308 35.292 35.277 35.260 35.243 35.229 35.215 35.202 35.189 35.176 35.163 35.153 35.143 35.135 35.128 35.123 35.117 35.117 35.117 35.121 35.125 35.134 35.144 35.161 35.178 35.197 35.217 35.239 35.261 35.290 35.318 35.333 35.347 35.343 35.338 35.280 35.222 35.131 35.039 34.915 34.790 -99999 -99999 -99999 -99999 -99999 -99999 -99999 -99999 -99999 -99999 -99999 -99999 -99999
35.514 35.509 35.513 35.517 35.505 35.493 35.478 35.464 35.448 35.433 35.417 35.402 35.385 35.369 35.354 35.338 35.320 35.302 35.284 35.265 35.245 35.224 35.207 35.190 35.173 35.157 35.140 35.124 35.110 35.095 35.082 35.070 35.059 35.049 35.044 35.040 35.037 35.034 35.038 35.042 35.053 35.064 35.079 35.094 35.114 35.133 35.161 35.189 35.212 35.234 35.254 35.274 35.253 35.232 35.175 35.119 35.024 34.929 34.794 34.658 33.955 33.252 -99999 -99999 -99999 -99999 -99999 -99999 -99999 -99999 -99999
35.592 35.587 35.589 35.590 35.579 35.567 35.552 35.537 35.521 35.504 35.487 35.470 35.451 35.431 35.412 35.394 35.374 35.354 35.334 35.314 35.292 35.270 35.249 35.229 35.209 35.188 35.169 35.149 35.130 35.112 35.094 35.076 35.061 35.046 35.037 35.027 35.019 35.011 35.008 35.006 35.009 35.013 35.021 35.030 35.042 35.054 35.073 35.091 35.109 35.127 35.147 35.167 35.162 35.158 35.125 35.092 35.028 34.963 34.868 34.773 34.398 34.022 -99999 -99999 -99999 -99999 -99999 -99999 -99999 -99999 -99999
35.670 35.665 35.664 35.663 35.652 35.641 35.626 35.611 35.593 35.576 35.557 35.537 35.516 35.494 35.471 35.449 35.427 35.406 35.384 35.362 35.338 35.315 35.292 35.268 35.244 35.220 35.197 35.174 35.151 35.128 35.105 35.083 35.063 35.044 35.029 35.014 35.000 34.987 34.978 34.970 34.966 34.962 34.964 34.966 34.970 34.975 34.985 34.994 35.007 35.020 35.040 35.059 35.072 35.085 35.075 35.065 35.032 34.998 34.943 34.888 34.840 34.793 34.843 34.893 34.820 34.748 34.882 35.016 34.999 34.982 34.970
35.727 35.723 35.721 35.720 35.708 35.697 35.682 35.667 35.651 35.635 35.616 35.597 35.577 35.556 35.534 35.512 35.490 35.469 35.446 35.424 35.402 35.379 35.355 35.330 35.305 35.281 35.256 35.232 35.207 35.183 35.159 35.135 35.114 35.092 35.074 35.056 35.039 35.023 35.010 34.997 34.989 34.980 34.976 34.972 34.970 34.968 34.971 34.973 34.979 34.984 34.997 35.009 35.018 35.028 35.024 35.021 35.001 34.980 34.947 34.914 34.877 34.839 34.856 34.873 34.836 34.800 34.872 34.945 34.940 34.935 34.930
35.784 35.780 35.778 35.776 35.764 35.752 35.737 35.723 35.708 35.693 35.675 35.657 35.638 35.619 35.597 35.576 35.554 35.532 35.509 35.487 35.465 35.443 35.417 35.392 35.367 35.341 35.316 35.290 35.264 35.238 35.213 35.188 35.164 35.140 35.119 35.097 35.078 35.059 35.042 35.025 35.012 34.999 34.989 34.978 34.970 34.961 34.957 34.953 34.951 34.949 34.953 34.958 34.965 34.971 34.974 34.976 34.969 34.963 34.951 34.940 34.913 34.886 34.870 34.853 34.852 34.852 34.863 34.873 34.881 34.888 34.889
35.812 35.807 35.804 35.801 35.788 35.776 35.761 35.746 35.733 35.719 35.703 35.687 35.670 35.653 35.634 35.615 35.596 35.577 35.557 35.536 35.517 35.497 35.473 35.450 35.427 35.404 35.380 35.355 35.332 35.309 35.286 35.263 35.241 35.218 35.198 35.178 35.159 35.141 35.123 35.106 35.091 35.076 35.063 35.049 35.038 35.026 35.019 35.012 35.006 35.000 35.000 34.999 35.000 35.002 35.001 35.001 34.995 34.988 34.981 34.973 34.957 34.942 34.931 34.920 34.918 34.916 34.919 34.923 34.923 34.923 34.918
35.841 35.833 35.830 35.826 35.813 35.800 35.785 35.770 35.758 35.745 35.731 35.717 35.702 35.688 35.671 35.654 35.638 35.622 35.604 35.586 35.568 35.550 35.529 35.508 35.488 35.467 35.444 35.421 35.400 35.380 35.358 35.337 35.317 35.297 35.277 35.258 35.240 35.222 35.205 35.187 35.171 35.154 35.137 35.120 35.106 35.092 35.081 35.071 35.061 35.052 35.046 35.040 35.036 35.033 35.029 35.026 35.020 35.014 35.010 35.005 35.001 34.997 34.992 34.988 34.984 34.981 34.976 34.972 34.965 34.958 34.947
35.861 35.852 35.848 35.844 35.830 35.817 35.802 35.787 35.776 35.765 35.752 35.739 35.726 35.714 35.700 35.686 35.673 35.660 35.644 35.629 35.614 35.599 35.580 35.562 35.546 35.530 35.510 35.490 35.473 35.457 35.438 35.420 35.403 35.387 35.369 35.352 35.337 35.322 35.306 35.290 35.275 35.259 35.244 35.229 35.215 35.201 35.191 35.180 35.170 35.159 35.151 35.144 35.137 35.130 35.123 35.117 35.109 35.100 35.093 35.086 35.079 35.071 35.063 35.055 35.046 35.037 35.026 35.015 35.003 34.990 34.975
35.881 35.870 35.866 35.862 35.848 35.834 35.819 35.805 35.794 35.784 35.772 35.761 35.750 35.740 35.729 35.718 35.707 35.697 35.684 35.671 35.659 35.647 35.632 35.616 35.604 35.592 35.576 35.559 35.546 35.534 35.518 35.503 35.490 35.477 35.462 35.447 35.434 35.421 35.407 35.393 35.379 35.364 35.351 35.338 35.324 35.311 35.300 35.290 35.278 35.266 35.257 35.248 35.237 35.226 35.218 35.209 35.198 35.187 35.177 35.167 35.156 35.145 35.133 35.121 35.108 35.094 35.076 35.058 35.041 35.023 35.003
35.881 35.873 35.872 35.870 35.858 35.846 35.834 35.821 35.813 35.804 35.794 35.784 35.777 35.769 35.760 35.751 35.743 35.735 35.725 35.715 35.705 35.695 35.683 35.671 35.662 35.653 35.639 35.625 35.616 35.607 35.595 35.582 35.572 35.562 35.549 35.536 35.526 35.516 35.504 35.492 35.480 35.468 35.457 35.445 35.433 35.421 35.411 35.401 35.389 35.377 35.367 35.357 35.345 35.333 35.322 35.311 35.298 35.284 35.271 35.257 35.241 35.226 35.208 35.191 35.171 35.151 35.130 35.108 35.086 35.064 35.040
35.881 35.876 35.878 35.879 35.869 35.859 35.848 35.837 35.831 35.825 35.817 35.808 35.803 35.798 35.791 35.785 35.779 35.774 35.766 35.758 35.751 35.743 35.734 35.725 35.719 35.713 35.702 35.692 35.686 35.681 35.671 35.661 35.654 35.648 35.637 35.626 35.619 35.611 35.601 35.591 35.582 35.572 35.562 35.552 35.542 35.532 35.522 35.512 35.500 35.489 35.478 35.466 35.453 35.439 35.426 35.413 35.397 35.381 35.364 35.347 35.327 35.306 35.283 35.260 35.235 35.209 35.184 35.158 35.131 35.105 35.077
35.852 35.854 35.863 35.873 35.866 35.858 35.851 35.844 35.840 35.837 35.831 35.824 35.822 35.820 35.815 35.810 35.806 35.802 35.795 35.789 35.783 35.777 35.770 35.763 35.758 35.754 35.746 35.738 35.734 35.731 35.723 35.715 35.710 35.705 35.697 35.688 35.683 35.677 35.669 35.661 35.653 35.645 35.636 35.628 35.619 35.610 35.601 35.592 35.581 35.570 35.559 35.547 35.534 35.520 35.506 35.492 35.475 35.458 35.439 35.421 35.399 35.377 35.353 35.329 35.301 35.274 35.245 35.216 35.187 35.159 35.128
35.823 35.831 35.849 35.867 35.862 35.857 35.854 35.851 35.850 35.849 35.845 35.840 35.841 35.842 35.839 35.835 35.833 35.831 35.825 35.820 35.816 35.812 35.806 35.801 35.798 35.795 35.789 35.784 35.782 35.781 35.775 35.769 35.766 35.763 35.757 35.751 35.747 35.743 35.737 35.730 35.724 35.718 35.711 35.704 35.696 35.689 35.680 35.671 35.661 35.651 35.640 35.628 35.615 35.601 35.586 35.571 35.553 35.535 35.515 35.495 35.472 35.448 35.423 35.398 35.368 35.338 35.306 35.275 35.243 35.212 35.180
35.734 35.765 35.801 35.836 35.838 35.839 35.840 35.840 35.841 35.841 35.839 35.836 35.840 35.844 35.842 35.840 35.839 35.838 35.834 35.829 35.826 35.823 35.819 35.814 35.812 35.810 35.805 35.801 35.800 35.799 35.795 35.790 35.788 35.786 35.781 35.776 35.773 35.770 35.765 35.759 35.754 35.749 35.742 35.736 35.729 35.722 35.714 35.706 35.696 35.686 35.674 35.663 35.649 35.636 35.621 35.605 35.588 35.570 35.550 35.530 35.508 35.485 35.461 35.436 35.408 35.381 35.350 35.320 35.290 35.259 35.228
35.644 35.699 35.752 35.805 35.813 35.821 35.826 35.830 35.832 35.834 35.833 35.832 35.839 35.846 35.846 35.846 35.846 35.846 35.842 35.839 35.836 35.834 35.831 35.828 35.826 35.825 35.822 35.819 35.818 35.818 35.814 35.811 35.810 35.809 35.805 35.801 35.799 35.798 35.793 35.789 35.784 35.780 35.774 35.769 35.762 35.756 35.748 35.740 35.730 35.720 35.709 35.697 35.684 35.671 35.655 35.640 35.622 35.605 35.585 35.566 35.544 35.522 35.498 35.475 35.449 35.423 35.395 35.366 35.336 35.306 35.275
35.532 35.611 35.692 35.773 35.788 35.803 35.813 35.822 35.824 35.825 35.826 35.827 35.834 35.840 35.841 35.842 35.842 35.843 35.839 35.836 35.834 35.832 35.829 35.826 35.825 35.824 35.821 35.819 35.818 35.818 35.815 35.813 35.812 35.811 35.808 35.805 35.804 35.802 35.798 35.794 35.790 35.786 35.780 35.774 35.768 35.761 35.753 35.745 35.735 35.725 35.714 35.703 35.690 35.677 35.662 35.647 35.631 35.614 35.596 35.578 35.558 35.537 35.516 35.494 35.471 35.447 35.422 35.397 35.369 35.342 35.314
35.419 -99999 35.632 -99999 35.763 35.785 35.800 35.815 35.815 35.816 35.819 35.822 35.828 35.834 35.836 35.838 35.839 35.839 35.836 35.833 35.832 35.831 35.828 35.825 35.824 35.823 35.821 35.819 35.819 35.818 35.816 35.815 35.814 35.814 35.811 35.809 35.808 35.806 35.803 35.799 35.795 35.791 35.786 35.780 35.774 35.767 35.759 35.750 35.741 35.731 35.719 35.708 35.696 35.683 35.669 35.655 35.639 35.624 35.607 35.590 35.571 35.553 35.533 35.513 35.492 35.471 35.449 35.427 35.402 35.378 35.352
-99999 -99999 -99999 -99999 35.724 35.763 35.778 35.794 35.801 35.807 35.814 35.820 35.824 35.829 35.832 35.834 35.834 35.835 35.832 35.829 35.827 35.826 35.823 35.820 35.819 35.818 35.816 35.814 35.814 35.814 35.812 35.811 35.811 35.810 35.808 35.806 35.805 35.803 35.800 35.796 35.792 35.788 35.782 35.777 35.770 35.764 35.756 35.748 35.738 35.729 35.718 35.708 35.696 35.684 35.671 35.658 35.644 35.630 35.614 35.599 35.582 35.565 35.547 35.529 35.510 35.491 35.470 35.450 35.428 35.405 35.381
-99999 -99999 -99999 -99999 35.685 -99999 35.757 35.773 35.786 35.799 35.808 35.817 35.821 35.824 35.827 35.830 35.830 35.831 35.828 35.825 35.822 35.820 35.817 35.815 35.814 35.813 35.811 35.809 35.809 35.809 35.808 35.807 35.807 35.807 35.805 35.803 35.802 35.800 35.796 35.793 35.788 35.784 35.779 35.773 35.767 35.761 35.753 35.745 35.736 35.727 35.717 35.707 35.696 35.684 35.673 35.661 35.648 35.635 35.621 35.607 35.592 35.577 35.561 35.545 35.528 35.510 35.492 35.473 35.453 35.433 35.411
-99999 -99999 -99999 -99999 -99999 -99999 35.825 35.776 35.789 35.803 35.812 35.821 35.820 35.819 35.823 35.826 35.827 35.828 35.825 35.822 35.820 35.819 35.816 35.813 35.812 35.812 35.810 35.808 35.808 35.808 35.807 35.806 35.806 35.805 35.804 35.802 35.800 35.798 35.795 35.791 35.787 35.783 35.778 35.773 35.767 35.761 35.753 35.745 35.737 35.729 35.719 35.710 35.700 35.689 35.679 35.668 35.656 35.645 35.632 35.619 35.605 35.591 35.576 35.561 35.545 35.529 35.512 35.496 35.477 35.458 35.438
-99999 -99999 -99999 -99999 -99999 -99999 35.893 -99999 35.793 -99999 35.816 -99999 35.820 35.815 35.818 35.822 35.824 35.826 35.823 35.820 35.818 35.817 35.814 35.812 35.811 35.810 35.808 35.806 35.806 35.807 35.806 35.805 35.804 35.804 35.802 35.800 35.799 35.797 35.793 35.789 35.785 35.781 35.776 35.772 35.766 35.761 35.753 35.746 35.738 35.730 35.722 35.713 35.703 35.694 35.685 35.675 35.665 35.654 35.642 35.630 35.618 35.605 35.591 35.577 35.563 35.549 35.533 35.518 35.500 35.483 35.464
-99999 -99999 -99999 -99999 -99999 -99999 -99999 -99999 -99999 -99999 -99999 -99999 35.892 35.830 35.828 35.825 35.827 35.830 35.828 35.825 35.824 35.823 35.821 35.819 35.819 35.818 35.816 35.814 35.815 35.815 35.814 35.813 35.813 35.812 35.811 35.809 35.807 35.805 35.802 35.798 35.795 35.791 35.786 35.782 35.777 35.772 35.765 35.758 35.751 35.744 35.736 35.728 35.719 35.711 35.702 35.694 35.684 35.674 35.663 35.653 35.641 35.629 35.616 35.604 35.590 35.577 35.562 35.548 35.532 35.516 35.500
-99999 -99999 -99999 -99999 -99999 -99999 -99999 -99999 -99999 -99999 -99999 -99999 35.964 35.845 35.837 35.829 35.831 35.833 35.832 35.831 35.830 35.829 35.828 35.827 35.826 35.826 35.824 35.822 35.823 35.823 35.822 35.821 35.821 35.821 35.819 35.818 35.816 35.814 35.811 35.807 35.804 35.801 35.797 35.793 35.788 35.783 35.777 35.771 35.764 35.758 35.750 35.742 35.735 35.727 35.720 35.712 35.703 35.694 35.685 35.675 35.664 35.653 35.641 35.630 35.617 35.605 35.592 35.579 35.564 35.550 35.535
-99999 -99999 -99999 -99999 -99999 -99999 -99999 -99999 -99999 -99999 -99999 -99999 36.001 35.875 35.861 35.847 35.847 35.847 35.847 35.847 35.847 35.847 35.847 35.846 35.846 35.846 35.845 35.843 35.844 35.844 35.843 35.842 35.843 35.843 35.842 35.841 35.839 35.837 35.835 35.832 35.829 35.825 35.822 35.819 35.814 35.810 35.804 35.798 35.792 35.787 35.780 35.773 35.767 35.760 35.753 35.747 35.739 35.731 35.722 35.713 35.703 35.693 35.682 35.671 35.660 35.648 35.636 35.625 35.611 35.598 35.584
