230620T130023_230601T165519_230321_sos_CMIP6_ssp126_2071_2101_mean-0p5deg.txt
ncols 719
nrows 359
xllcorner 0.0
yllcorner -89.5
cellsize 0.5
NODATA_value -99999
[rows 288 to 319 of 359, columns 284 to 354 of 719]
33.796 33.794 33.793 33.792 33.792 33.792 33.793 33.796 33.798 33.805 33.812 33.819 33.825 33.829 33.833 33.834 33.836 33.836 33.836 33.836 33.836 33.837 33.838 33.840 33.841 33.844 33.846 33.848 33.851 33.853 33.856 33.860 33.865 33.872 33.880 33.889 33.899 33.909 33.918 33.927 33.935 33.941 33.948 33.953 33.957 33.960 33.963 33.964 33.964 33.962 33.960 33.955 33.950 33.945 33.939 33.934 33.929 33.923 33.918 33.913 33.907 33.899 33.891 33.881 33.871 33.862 33.852 33.846 33.839 33.834 33.829
33.796 33.795 33.794 33.793 33.793 33.793 33.793 33.794 33.795 33.798 33.802 33.806 33.811 33.814 33.817 33.819 33.820 33.820 33.821 33.821 33.821 33.822 33.823 33.824 33.826 33.828 33.831 33.833 33.836 33.838 33.840 33.844 33.848 33.855 33.862 33.871 33.880 33.889 33.899 33.907 33.916 33.922 33.929 33.933 33.938 33.940 33.942 33.942 33.942 33.939 33.935 33.930 33.925 33.919 33.913 33.907 33.901 33.896 33.890 33.885 33.879 33.873 33.866 33.859 33.851 33.845 33.838 33.833 33.827 33.823 33.819
33.797 33.796 33.796 33.795 33.794 33.793 33.793 33.792 33.791 33.791 33.791 33.794 33.796 33.799 33.802 33.803 33.805 33.805 33.805 33.805 33.805 33.806 33.807 33.809 33.811 33.813 33.816 33.818 33.821 33.823 33.825 33.828 33.831 33.838 33.844 33.853 33.861 33.870 33.880 33.888 33.896 33.903 33.910 33.914 33.918 33.919 33.921 33.920 33.919 33.915 33.911 33.905 33.900 33.893 33.886 33.880 33.873 33.868 33.862 33.857 33.852 33.846 33.841 33.836 33.831 33.827 33.823 33.820 33.816 33.813 33.810
33.800 33.799 33.799 33.799 33.799 33.799 33.799 33.799 33.799 33.799 33.798 33.798 33.798 33.798 33.798 33.798 33.798 33.797 33.797 33.797 33.797 33.798 33.799 33.800 33.801 33.803 33.805 33.807 33.809 33.811 33.812 33.815 33.817 33.822 33.826 33.833 33.839 33.847 33.855 33.862 33.870 33.876 33.882 33.886 33.890 33.891 33.892 33.890 33.889 33.885 33.881 33.876 33.871 33.865 33.859 33.854 33.849 33.845 33.840 33.837 33.833 33.830 33.826 33.823 33.819 33.816 33.813 33.810 33.808 33.805 33.803
33.802 33.802 33.803 33.803 33.804 33.805 33.805 33.806 33.807 33.806 33.806 33.803 33.799 33.797 33.794 33.793 33.791 33.790 33.789 33.789 33.788 33.789 33.790 33.791 33.792 33.793 33.794 33.796 33.797 33.798 33.799 33.801 33.803 33.806 33.809 33.813 33.818 33.824 33.830 33.837 33.844 33.849 33.855 33.858 33.862 33.862 33.863 33.861 33.859 33.855 33.851 33.847 33.842 33.838 33.833 33.829 33.825 33.822 33.819 33.817 33.815 33.813 33.811 33.809 33.807 33.805 33.803 33.801 33.799 33.797 33.796
33.805 33.806 33.806 33.806 33.807 33.808 33.808 33.809 33.810 33.811 33.811 33.809 33.807 33.804 33.801 33.798 33.795 33.793 33.791 33.790 33.789 33.789 33.789 33.789 33.789 33.789 33.789 33.790 33.790 33.791 33.792 33.793 33.793 33.795 33.797 33.799 33.802 33.806 33.811 33.816 33.822 33.827 33.832 33.835 33.837 33.838 33.838 33.837 33.835 33.832 33.829 33.826 33.822 33.819 33.815 33.813 33.810 33.808 33.806 33.805 33.803 33.802 33.801 33.799 33.798 33.797 33.795 33.793 33.792 33.790 33.789
33.809 33.809 33.809 33.810 33.810 33.811 33.811 33.813 33.814 33.815 33.816 33.815 33.814 33.810 33.807 33.803 33.799 33.796 33.793 33.791 33.789 33.788 33.788 33.787 33.786 33.785 33.784 33.784 33.783 33.784 33.784 33.784 33.784 33.784 33.784 33.785 33.786 33.789 33.792 33.796 33.800 33.804 33.808 33.811 33.813 33.813 33.814 33.813 33.811 33.809 33.807 33.805 33.802 33.800 33.798 33.796 33.795 33.794 33.793 33.792 33.792 33.791 33.790 33.790 33.789 33.788 33.787 33.786 33.784 33.783 33.782
33.813 33.813 33.813 33.813 33.813 33.814 33.814 33.815 33.816 33.817 33.818 33.817 33.815 33.812 33.809 33.805 33.802 33.799 33.796 33.794 33.792 33.790 33.789 33.787 33.786 33.784 33.782 33.781 33.780 33.780 33.779 33.779 33.779 33.779 33.780 33.780 33.781 33.783 33.785 33.788 33.791 33.794 33.797 33.799 33.801 33.801 33.801 33.800 33.799 33.798 33.796 33.794 33.791 33.789 33.787 33.786 33.785 33.784 33.784 33.783 33.783 33.783 33.782 33.782 33.781 33.780 33.779 33.778 33.777 33.776 33.775
33.817 33.817 33.817 33.817 33.816 33.817 33.817 33.818 33.818 33.819 33.820 33.818 33.817 33.814 33.811 33.807 33.804 33.802 33.799 33.797 33.794 33.792 33.790 33.788 33.786 33.783 33.781 33.779 33.777 33.776 33.775 33.775 33.774 33.775 33.775 33.776 33.776 33.777 33.778 33.780 33.782 33.784 33.786 33.787 33.788 33.789 33.789 33.788 33.788 33.786 33.785 33.783 33.781 33.779 33.777 33.776 33.775 33.775 33.775 33.775 33.774 33.774 33.774 33.774 33.774 33.773 33.772 33.771 33.770 33.769 33.768
33.821 33.820 33.820 33.819 33.819 33.819 33.818 33.818 33.819 33.819 33.819 33.817 33.816 33.812 33.809 33.806 33.803 33.801 33.800 33.798 33.796 33.794 33.793 33.791 33.789 33.787 33.785 33.784 33.782 33.781 33.781 33.780 33.779 33.779 33.778 33.778 33.778 33.779 33.779 33.780 33.780 33.781 33.782 33.783 33.783 33.783 33.783 33.782 33.781 33.779 33.778 33.775 33.773 33.772 33.770 33.769 33.768 33.768 33.768 33.768 33.768 33.767 33.767 33.767 33.767 33.766 33.765 33.765 33.764 33.763 33.763
33.825 33.824 33.823 33.822 33.821 33.820 33.820 33.819 33.819 33.819 33.819 33.817 33.814 33.811 33.807 33.804 33.802 33.801 33.800 33.799 33.798 33.797 33.796 33.794 33.792 33.791 33.790 33.789 33.788 33.787 33.786 33.785 33.784 33.783 33.782 33.781 33.780 33.780 33.779 33.779 33.779 33.779 33.779 33.779 33.778 33.778 33.777 33.776 33.774 33.772 33.770 33.768 33.766 33.764 33.762 33.762 33.761 33.761 33.761 33.761 33.761 33.761 33.760 33.760 33.760 33.759 33.759 33.758 33.758 33.757 33.757
33.826 33.825 33.824 33.822 33.821 33.820 33.819 33.818 33.818 33.817 33.816 33.813 33.810 33.806 33.802 33.799 33.795 33.794 33.792 33.792 33.791 33.791 33.791 33.791 33.791 33.790 33.790 33.790 33.790 33.789 33.788 33.787 33.786 33.784 33.782 33.781 33.780 33.779 33.779 33.778 33.778 33.778 33.777 33.777 33.776 33.775 33.774 33.772 33.771 33.769 33.767 33.765 33.763 33.761 33.760 33.759 33.758 33.758 33.757 33.757 33.757 33.756 33.756 33.756 33.755 33.755 33.755 33.754 33.754 33.754 33.754
33.827 33.826 33.824 33.823 33.821 33.820 33.819 33.817 33.816 33.815 33.814 33.810 33.807 33.802 33.797 33.793 33.788 33.786 33.784 33.784 33.783 33.785 33.786 33.788 33.789 33.790 33.791 33.791 33.792 33.791 33.791 33.789 33.787 33.785 33.783 33.781 33.779 33.779 33.778 33.777 33.777 33.776 33.776 33.775 33.773 33.772 33.771 33.769 33.767 33.765 33.764 33.762 33.760 33.758 33.757 33.756 33.755 33.755 33.754 33.753 33.753 33.752 33.752 33.751 33.751 33.751 33.750 33.750 33.750 33.750 33.750
33.824 33.822 33.820 33.819 33.817 33.815 33.813 33.811 33.809 33.807 33.804 33.800 33.796 33.790 33.784 33.779 33.773 33.769 33.766 33.765 33.764 33.766 33.768 33.770 33.773 33.774 33.776 33.778 33.779 33.779 33.779 33.778 33.776 33.775 33.774 33.773 33.773 33.773 33.773 33.773 33.773 33.773 33.773 33.772 33.771 33.770 33.769 33.768 33.766 33.764 33.762 33.761 33.759 33.758 33.757 33.756 33.755 33.754 33.753 33.753 33.752 33.751 33.750 33.750 33.749 33.749 33.749 33.749 33.749 33.749 33.750
33.821 33.819 33.816 33.814 33.812 33.810 33.807 33.805 33.802 33.798 33.795 33.790 33.785 33.778 33.772 33.764 33.757 33.752 33.747 33.746 33.745 33.747 33.750 33.753 33.756 33.759 33.762 33.764 33.766 33.766 33.767 33.766 33.765 33.765 33.765 33.766 33.767 33.768 33.768 33.769 33.769 33.769 33.770 33.769 33.769 33.768 33.768 33.766 33.765 33.763 33.761 33.760 33.758 33.757 33.756 33.755 33.754 33.753 33.753 33.752 33.751 33.750 33.749 33.748 33.747 33.747 33.747 33.747 33.748 33.748 33.749
33.803 33.801 33.798 33.796 33.794 33.791 33.789 33.786 33.782 33.779 33.775 33.770 33.764 33.757 33.750 33.742 33.734 33.729 33.723 33.722 33.721 33.724 33.728 33.732 33.735 33.739 33.743 33.745 33.748 33.749 33.751 33.750 33.750 33.751 33.751 33.752 33.754 33.755 33.757 33.759 33.760 33.762 33.764 33.765 33.766 33.765 33.765 33.765 33.764 33.762 33.761 33.760 33.759 33.758 33.757 33.756 33.755 33.754 33.753 33.752 33.751 33.750 33.749 33.749 33.748 33.747 33.747 33.747 33.748 33.748 33.748
33.785 33.782 33.780 33.778 33.775 33.773 33.770 33.767 33.763 33.759 33.755 33.749 33.743 33.736 33.728 33.719 33.711 33.705 33.700 33.698 33.697 33.701 33.705 33.710 33.715 33.719 33.723 33.727 33.731 33.733 33.734 33.735 33.735 33.736 33.737 33.739 33.740 33.743 33.745 33.748 33.752 33.755 33.758 33.760 33.762 33.763 33.763 33.763 33.763 33.762 33.761 33.760 33.760 33.759 33.758 33.756 33.755 33.754 33.753 33.752 33.751 33.751 33.750 33.749 33.748 33.748 33.747 33.747 33.747 33.748 33.748
33.753 33.751 33.748 33.746 33.744 33.741 33.738 33.734 33.730 33.725 33.720 33.714 33.707 33.700 33.693 33.687 33.681 33.678 33.675 33.676 33.677 33.682 33.686 33.692 33.697 33.702 33.707 33.711 33.716 33.718 33.721 33.721 33.722 33.723 33.724 33.725 33.727 33.730 33.734 33.738 33.743 33.746 33.750 33.753 33.755 33.756 33.758 33.758 33.759 33.759 33.759 33.758 33.758 33.758 33.757 33.756 33.755 33.754 33.753 33.751 33.750 33.749 33.748 33.747 33.746 33.745 33.745 33.745 33.746 33.746 33.746
33.722 33.719 33.717 33.714 33.712 33.709 33.706 33.701 33.697 33.691 33.686 33.679 33.671 33.665 33.659 33.655 33.651 33.651 33.651 33.654 33.656 33.662 33.668 33.673 33.679 33.684 33.690 33.695 33.700 33.704 33.707 33.707 33.708 33.709 33.710 33.712 33.713 33.718 33.722 33.728 33.734 33.738 33.742 33.745 33.748 33.750 33.753 33.754 33.755 33.756 33.756 33.756 33.757 33.757 33.757 33.756 33.755 33.754 33.752 33.750 33.748 33.747 33.745 33.744 33.743 33.743 33.743 33.743 33.744 33.745 33.745
33.685 33.683 33.680 33.679 33.677 33.674 33.671 33.668 33.664 33.660 33.656 33.652 33.648 33.645 33.642 33.642 33.641 33.643 33.645 33.648 33.652 33.657 33.662 33.667 33.672 33.677 33.682 33.687 33.692 33.695 33.699 33.700 33.701 33.703 33.705 33.708 33.711 33.715 33.719 33.724 33.729 33.733 33.737 33.739 33.742 33.744 33.746 33.747 33.748 33.749 33.749 33.749 33.750 33.750 33.749 33.749 33.749 33.747 33.746 33.745 33.744 33.743 33.741 33.741 33.740 33.740 33.739 33.740 33.741 33.741 33.742
33.648 33.646 33.644 33.643 33.642 33.639 33.637 33.635 33.632 33.629 33.627 33.625 33.624 33.625 33.626 33.628 33.631 33.635 33.639 33.643 33.647 33.652 33.657 33.661 33.665 33.670 33.674 33.679 33.683 33.687 33.691 33.693 33.695 33.697 33.700 33.704 33.708 33.712 33.716 33.720 33.724 33.728 33.731 33.734 33.736 33.737 33.739 33.740 33.741 33.741 33.742 33.742 33.743 33.742 33.742 33.742 33.742 33.741 33.740 33.740 33.739 33.739 33.738 33.737 33.737 33.736 33.736 33.737 33.737 33.738 33.738
33.645 33.644 33.643 33.643 33.643 33.642 33.641 33.639 33.637 33.635 33.633 33.633 33.633 33.634 33.636 33.639 33.641 33.645 33.648 33.651 33.654 33.657 33.660 33.664 33.667 33.671 33.675 33.678 33.682 33.686 33.690 33.693 33.696 33.699 33.703 33.707 33.712 33.716 33.719 33.723 33.728 33.731 33.734 33.736 33.737 33.738 33.739 33.739 33.740 33.740 33.740 33.741 33.741 33.741 33.741 33.741 33.741 33.741 33.741 33.740 33.740 33.739 33.739 33.738 33.738 33.738 33.738 33.739 33.739 33.739 33.739
33.642 33.642 33.642 33.644 33.645 33.645 33.645 33.643 33.641 33.641 33.640 33.641 33.642 33.644 33.646 33.649 33.652 33.655 33.658 33.659 33.661 33.663 33.664 33.667 33.669 33.672 33.676 33.678 33.681 33.685 33.689 33.693 33.697 33.702 33.706 33.711 33.715 33.719 33.723 33.727 33.731 33.734 33.736 33.737 33.739 33.739 33.738 33.738 33.738 33.738 33.738 33.739 33.740 33.740 33.740 33.740 33.740 33.740 33.741 33.741 33.741 33.740 33.740 33.740 33.739 33.740 33.740 33.740 33.741 33.741 33.741
33.638 33.638 33.638 33.638 33.638 33.641 33.643 33.634 33.626 33.625 33.624 33.627 33.629 33.631 33.633 33.636 33.639 33.643 33.646 33.649 33.652 33.656 33.660 33.663 33.666 33.670 33.673 33.676 33.678 33.681 33.683 33.688 33.693 33.698 33.704 33.709 33.715 33.720 33.726 33.732 33.738 33.740 33.743 33.744 33.744 33.744 33.744 33.743 33.743 33.742 33.742 33.743 33.743 33.743 33.744 33.744 33.745 33.745 33.744 33.744 33.744 33.744 33.743 33.743 33.743 33.743 33.743 33.744 33.744 33.745 33.745
-99999 33.634 -99999 33.633 -99999 33.636 -99999 33.625 -99999 33.609 33.608 33.612 33.616 33.618 33.621 33.624 33.627 33.631 33.634 33.638 33.642 33.649 33.656 33.660 33.664 33.667 33.671 33.673 33.674 33.676 33.678 33.683 33.688 33.694 33.701 33.708 33.715 33.722 33.729 33.736 33.744 33.747 33.750 33.750 33.750 33.750 33.749 33.748 33.747 33.746 33.746 33.746 33.746 33.747 33.747 33.748 33.749 33.749 33.748 33.748 33.748 33.747 33.746 33.746 33.746 33.746 33.746 33.747 33.748 33.749 33.750
-99999 -99999 -99999 -99999 -99999 -99999 -99999 -99999 -99999 33.545 33.563 33.568 33.573 33.574 33.575 33.576 33.576 33.580 33.584 33.588 33.592 33.601 33.609 33.614 33.618 33.624 33.630 33.643 33.656 33.661 33.665 33.672 33.678 33.686 33.693 33.702 33.710 33.718 33.726 33.733 33.741 33.745 33.750 33.752 33.753 33.753 33.753 33.753 33.752 33.752 33.751 33.752 33.753 33.754 33.755 33.756 33.758 33.757 33.757 33.756 33.756 33.755 33.754 33.754 33.754 33.754 33.753 33.754 33.754 33.754 33.755
-99999 -99999 -99999 -99999 -99999 -99999 -99999 -99999 -99999 33.481 -99999 33.523 -99999 33.529 -99999 33.527 -99999 33.530 -99999 33.538 33.542 33.552 33.563 33.567 33.572 33.580 33.588 33.613 33.638 33.645 33.653 33.661 33.668 33.677 33.686 33.696 33.705 33.714 33.722 33.730 33.738 33.744 33.750 33.753 33.756 33.757 33.758 33.757 33.757 33.757 33.757 33.758 33.759 33.761 33.763 33.765 33.766 33.766 33.766 33.765 33.764 33.763 33.762 33.762 33.761 33.761 33.761 33.760 33.760 33.760 33.760
-99999 -99999 -99999 -99999 -99999 -99999 -99999 -99999 -99999 -99999 -99999 -99999 -99999 -99999 -99999 -99999 -99999 -99999 -99999 33.458 33.462 33.392 33.321 33.371 33.421 33.469 33.517 33.556 33.594 33.605 33.615 33.626 33.637 33.648 33.658 33.670 33.681 33.690 33.699 33.707 33.715 33.722 33.729 33.735 33.741 33.743 33.746 33.747 33.749 33.750 33.752 33.754 33.757 33.760 33.764 33.767 33.771 33.772 33.773 33.774 33.774 33.773 33.772 33.771 33.770 33.769 33.768 33.767 33.766 33.766 33.765
-99999 -99999 -99999 -99999 -99999 -99999 -99999 -99999 -99999 -99999 -99999 -99999 -99999 -99999 -99999 -99999 -99999 -99999 -99999 33.379 -99999 33.231 -99999 33.175 -99999 33.358 -99999 33.499 -99999 33.564 -99999 33.591 -99999 33.618 -99999 33.643 33.657 33.666 33.675 33.684 33.693 33.700 33.707 33.716 33.725 33.729 33.733 33.737 33.741 33.744 33.747 33.750 33.754 33.759 33.764 33.770 33.775 33.778 33.781 33.783 33.784 33.783 33.782 33.781 33.779 33.778 33.776 33.774 33.773 33.771 33.770
-99999 -99999 -99999 -99999 -99999 -99999 -99999 -99999 -99999 -99999 -99999 -99999 -99999 -99999 -99999 -99999 -99999 -99999 -99999 -99999 -99999 -99999 -99999 -99999 -99999 -99999 -99999 -99999 -99999 -99999 -99999 -99999 -99999 -99999 -99999 33.614 33.628 33.633 33.637 33.648 33.659 33.668 33.676 33.695 33.714 33.720 33.726 33.731 33.737 33.740 33.744 33.750 33.755 33.761 33.768 33.774 33.781 33.786 33.791 33.794 33.797 33.796 33.796 33.794 33.792 33.790 33.787 33.785 33.782 33.780 33.778
-99999 -99999 -99999 -99999 -99999 -99999 -99999 -99999 -99999 -99999 -99999 -99999 -99999 -99999 -99999 -99999 -99999 -99999 -99999 -99999 -99999 -99999 -99999 -99999 -99999 -99999 -99999 -99999 -99999 -99999 -99999 -99999 -99999 -99999 -99999 33.584 -99999 33.599 -99999 33.612 -99999 33.635 -99999 33.674 -99999 33.711 -99999 33.725 -99999 33.737 33.742 33.749 33.756 33.763 33.771 33.779 33.786 33.794 33.801 33.805 33.810 33.809 33.809 33.807 33.805 33.801 33.798 33.795 33.792 33.788 33.785
-99999 -99999 -99999 -99999 -99999 -99999 -99999 -99999 -99999 -99999 -99999 -99999 -99999 -99999 -99999 -99999 -99999 -99999 -99999 -99999 -99999 -99999 -99999 -99999 -99999 -99999 -99999 -99999 -99999 -99999 -99999 -99999 -99999 -99999 -99999 -99999 -99999 -99999 -99999 -99999 -99999 -99999 -99999 -99999 -99999 -99999 -99999 -99999 -99999 33.746 33.736 33.747 33.759 33.762 33.765 33.773 33.781 33.789 33.797 33.805 33.814 33.816 33.819 33.818 33.816 33.813 33.810 33.806 33.803 33.799 33.795
