230620T130023_230601T165519_230321_sos_CMIP6_ssp126_2071_2101_mean-0p5deg.txt
ncols 719
nrows 359
xllcorner 0.0
yllcorner -89.5
cellsize 0.5
NODATA_value -99999
[rows 128 to 159 of 359, columns 284 to 354 of 719]
34.552 34.560 34.568 34.577 34.586 34.595 34.603 34.612 34.620 34.630 34.639 34.649 34.658 34.668 34.677 34.686 34.695 34.704 34.714 34.722 34.731 34.739 34.748 34.757 34.766 34.774 34.783 34.791 34.799 34.807 34.814 34.822 34.830 34.839 34.847 34.854 34.862 34.870 34.878 34.885 34.893 34.900 34.907 34.914 34.921 34.928 34.934 34.941 34.947 34.953 34.959 34.965 34.972 34.977 34.982 34.987 34.992 34.997 35.002 35.007 35.012 35.017 35.022 35.026 35.031 35.036 35.041 35.045 35.049 35.053 35.058
34.553 34.561 34.569 34.578 34.587 34.596 34.605 34.614 34.622 34.632 34.641 34.650 34.660 34.669 34.678 34.687 34.696 34.706 34.715 34.724 34.732 34.741 34.750 34.759 34.768 34.777 34.785 34.793 34.801 34.809 34.817 34.825 34.832 34.840 34.848 34.855 34.863 34.870 34.878 34.885 34.892 34.899 34.906 34.913 34.920 34.926 34.933 34.939 34.945 34.951 34.956 34.962 34.968 34.973 34.979 34.984 34.989 34.994 34.998 35.003 35.007 35.012 35.016 35.020 35.024 35.029 35.033 35.037 35.041 35.045 35.049
34.555 34.563 34.571 34.580 34.589 34.598 34.607 34.616 34.624 34.633 34.642 34.651 34.661 34.670 34.679 34.688 34.698 34.707 34.717 34.725 34.734 34.743 34.752 34.761 34.770 34.779 34.787 34.795 34.804 34.811 34.819 34.827 34.834 34.842 34.849 34.856 34.863 34.871 34.878 34.885 34.892 34.898 34.905 34.912 34.919 34.925 34.931 34.937 34.943 34.948 34.954 34.959 34.965 34.970 34.975 34.980 34.986 34.990 34.995 34.999 35.003 35.007 35.011 35.015 35.018 35.022 35.026 35.030 35.033 35.037 35.040
34.534 34.542 34.550 34.558 34.567 34.576 34.585 34.593 34.602 34.611 34.619 34.628 34.637 34.646 34.655 34.664 34.673 34.682 34.691 34.700 34.708 34.717 34.726 34.735 34.744 34.752 34.761 34.769 34.777 34.785 34.792 34.800 34.807 34.814 34.822 34.829 34.836 34.843 34.850 34.856 34.863 34.870 34.876 34.882 34.889 34.895 34.901 34.906 34.912 34.917 34.923 34.928 34.933 34.938 34.942 34.947 34.952 34.957 34.961 34.965 34.969 34.973 34.977 34.980 34.983 34.987 34.991 34.994 34.997 35.000 35.004
34.514 34.521 34.529 34.537 34.545 34.554 34.563 34.571 34.580 34.588 34.596 34.605 34.614 34.622 34.631 34.639 34.648 34.657 34.666 34.674 34.683 34.692 34.701 34.709 34.718 34.726 34.734 34.742 34.750 34.758 34.765 34.772 34.780 34.787 34.795 34.802 34.809 34.815 34.822 34.828 34.835 34.841 34.847 34.853 34.859 34.865 34.871 34.876 34.881 34.886 34.892 34.896 34.900 34.905 34.910 34.914 34.919 34.923 34.927 34.931 34.935 34.939 34.943 34.946 34.949 34.952 34.955 34.958 34.962 34.964 34.967
34.478 34.485 34.493 34.500 34.508 34.516 34.524 34.533 34.541 34.549 34.557 34.565 34.574 34.582 34.590 34.598 34.606 34.614 34.622 34.630 34.639 34.647 34.656 34.664 34.673 34.681 34.689 34.697 34.705 34.712 34.720 34.727 34.734 34.741 34.749 34.755 34.762 34.769 34.775 34.781 34.788 34.793 34.799 34.805 34.811 34.816 34.822 34.827 34.832 34.837 34.842 34.847 34.851 34.855 34.860 34.864 34.869 34.872 34.876 34.879 34.883 34.887 34.891 34.893 34.896 34.899 34.902 34.905 34.908 34.910 34.913
34.442 34.449 34.456 34.463 34.470 34.478 34.486 34.494 34.502 34.510 34.518 34.526 34.534 34.541 34.549 34.556 34.563 34.571 34.579 34.587 34.595 34.603 34.611 34.619 34.628 34.635 34.643 34.651 34.660 34.667 34.675 34.681 34.688 34.695 34.703 34.709 34.716 34.722 34.729 34.734 34.740 34.746 34.752 34.757 34.763 34.768 34.773 34.777 34.782 34.788 34.793 34.797 34.802 34.806 34.810 34.814 34.818 34.821 34.824 34.828 34.831 34.835 34.838 34.841 34.843 34.846 34.848 34.851 34.854 34.856 34.859
34.400 34.407 34.414 34.420 34.427 34.435 34.443 34.450 34.458 34.465 34.473 34.480 34.487 34.494 34.501 34.508 34.515 34.522 34.530 34.538 34.545 34.553 34.561 34.569 34.577 34.585 34.593 34.601 34.609 34.616 34.624 34.630 34.637 34.644 34.651 34.658 34.664 34.670 34.676 34.682 34.688 34.693 34.699 34.704 34.709 34.714 34.719 34.723 34.728 34.733 34.738 34.742 34.746 34.750 34.754 34.758 34.762 34.765 34.768 34.771 34.774 34.777 34.781 34.783 34.785 34.787 34.790 34.792 34.795 34.797 34.799
34.358 34.364 34.371 34.377 34.384 34.392 34.399 34.406 34.413 34.420 34.427 34.434 34.440 34.447 34.453 34.460 34.466 34.474 34.481 34.489 34.496 34.503 34.511 34.518 34.526 34.534 34.542 34.550 34.558 34.565 34.573 34.579 34.586 34.593 34.600 34.606 34.612 34.618 34.624 34.629 34.635 34.640 34.646 34.651 34.656 34.660 34.665 34.669 34.673 34.678 34.683 34.687 34.691 34.694 34.698 34.701 34.705 34.708 34.711 34.714 34.717 34.720 34.723 34.725 34.727 34.729 34.731 34.733 34.736 34.738 34.740
34.315 34.321 34.328 34.334 34.341 34.348 34.355 34.362 34.369 34.375 34.382 34.388 34.395 34.401 34.407 34.414 34.420 34.427 34.435 34.442 34.449 34.456 34.463 34.471 34.478 34.486 34.494 34.502 34.509 34.516 34.524 34.530 34.537 34.543 34.550 34.555 34.561 34.567 34.572 34.578 34.584 34.589 34.594 34.598 34.603 34.608 34.612 34.616 34.621 34.625 34.629 34.633 34.636 34.640 34.643 34.646 34.650 34.652 34.655 34.658 34.661 34.664 34.667 34.668 34.670 34.672 34.674 34.676 34.678 34.680 34.682
34.272 34.278 34.284 34.291 34.298 34.305 34.312 34.318 34.324 34.330 34.337 34.343 34.349 34.355 34.361 34.367 34.374 34.381 34.388 34.395 34.402 34.408 34.415 34.423 34.431 34.438 34.446 34.453 34.461 34.468 34.474 34.481 34.487 34.493 34.500 34.505 34.510 34.515 34.521 34.526 34.532 34.537 34.542 34.546 34.551 34.555 34.559 34.564 34.568 34.571 34.575 34.579 34.582 34.585 34.589 34.592 34.595 34.597 34.600 34.602 34.605 34.607 34.610 34.611 34.613 34.615 34.617 34.619 34.621 34.623 34.624
34.231 34.237 34.243 34.250 34.257 34.263 34.270 34.276 34.283 34.289 34.295 34.301 34.307 34.313 34.320 34.326 34.332 34.339 34.346 34.352 34.359 34.365 34.372 34.379 34.387 34.394 34.402 34.409 34.416 34.423 34.429 34.435 34.441 34.447 34.453 34.458 34.463 34.468 34.473 34.478 34.484 34.488 34.493 34.497 34.502 34.506 34.510 34.514 34.518 34.521 34.525 34.528 34.531 34.534 34.538 34.540 34.543 34.545 34.547 34.550 34.552 34.554 34.557 34.558 34.559 34.561 34.564 34.565 34.567 34.569 34.571
34.191 34.196 34.202 34.208 34.215 34.222 34.228 34.234 34.241 34.247 34.253 34.259 34.265 34.272 34.278 34.284 34.290 34.297 34.303 34.309 34.316 34.322 34.329 34.336 34.343 34.350 34.357 34.364 34.371 34.378 34.384 34.389 34.395 34.401 34.407 34.411 34.416 34.421 34.426 34.431 34.435 34.440 34.444 34.448 34.452 34.456 34.460 34.464 34.468 34.471 34.474 34.477 34.480 34.483 34.487 34.489 34.491 34.493 34.495 34.497 34.500 34.502 34.504 34.505 34.506 34.508 34.510 34.512 34.514 34.515 34.517
34.153 34.158 34.164 34.170 34.177 34.183 34.190 34.196 34.202 34.208 34.215 34.221 34.227 34.233 34.240 34.246 34.252 34.258 34.264 34.271 34.277 34.284 34.290 34.297 34.304 34.311 34.317 34.324 34.331 34.337 34.343 34.348 34.353 34.359 34.364 34.369 34.373 34.378 34.383 34.387 34.392 34.396 34.400 34.403 34.407 34.411 34.415 34.418 34.422 34.425 34.428 34.431 34.434 34.437 34.440 34.442 34.444 34.446 34.448 34.450 34.452 34.454 34.456 34.457 34.459 34.460 34.462 34.464 34.466 34.467 34.469
34.115 34.120 34.126 34.132 34.139 34.145 34.151 34.157 34.163 34.170 34.176 34.182 34.189 34.195 34.201 34.207 34.213 34.220 34.226 34.232 34.239 34.245 34.252 34.258 34.265 34.271 34.278 34.284 34.290 34.296 34.301 34.306 34.311 34.316 34.322 34.326 34.330 34.335 34.339 34.343 34.348 34.351 34.355 34.359 34.362 34.366 34.370 34.373 34.376 34.379 34.382 34.385 34.387 34.390 34.393 34.395 34.397 34.398 34.400 34.402 34.404 34.406 34.408 34.410 34.411 34.413 34.415 34.416 34.418 34.419 34.421
34.080 34.085 34.091 34.097 34.103 34.109 34.116 34.122 34.128 34.134 34.140 34.147 34.153 34.159 34.166 34.172 34.178 34.184 34.190 34.196 34.203 34.209 34.215 34.221 34.227 34.233 34.239 34.245 34.251 34.256 34.261 34.266 34.271 34.276 34.281 34.285 34.290 34.294 34.298 34.302 34.306 34.310 34.314 34.317 34.321 34.324 34.328 34.331 34.334 34.337 34.340 34.342 34.345 34.347 34.350 34.352 34.354 34.356 34.358 34.360 34.362 34.364 34.365 34.367 34.368 34.370 34.372 34.374 34.375 34.377 34.379
34.044 34.050 34.056 34.062 34.068 34.074 34.080 34.086 34.092 34.098 34.105 34.111 34.118 34.124 34.130 34.136 34.143 34.148 34.154 34.160 34.166 34.172 34.178 34.184 34.189 34.195 34.201 34.207 34.212 34.217 34.221 34.226 34.231 34.235 34.240 34.245 34.249 34.253 34.257 34.261 34.265 34.268 34.272 34.275 34.279 34.282 34.285 34.289 34.292 34.294 34.297 34.300 34.302 34.304 34.307 34.309 34.311 34.313 34.315 34.317 34.319 34.321 34.323 34.324 34.326 34.328 34.329 34.331 34.333 34.335 34.336
34.011 34.017 34.023 34.029 34.035 34.041 34.047 34.053 34.059 34.065 34.071 34.077 34.083 34.089 34.095 34.101 34.107 34.113 34.118 34.124 34.130 34.136 34.141 34.147 34.152 34.158 34.163 34.168 34.174 34.178 34.183 34.187 34.192 34.196 34.201 34.205 34.209 34.213 34.217 34.221 34.225 34.229 34.232 34.236 34.239 34.243 34.246 34.249 34.252 34.255 34.258 34.260 34.263 34.265 34.267 34.270 34.272 34.274 34.276 34.278 34.280 34.282 34.284 34.286 34.287 34.289 34.291 34.293 34.295 34.296 34.298
33.978 33.984 33.990 33.996 34.002 34.008 34.014 34.019 34.025 34.031 34.037 34.043 34.049 34.054 34.060 34.066 34.071 34.077 34.082 34.088 34.094 34.099 34.105 34.110 34.115 34.120 34.125 34.130 34.135 34.139 34.144 34.148 34.152 34.157 34.161 34.166 34.170 34.174 34.178 34.181 34.185 34.189 34.193 34.196 34.200 34.203 34.206 34.209 34.212 34.215 34.218 34.221 34.223 34.226 34.228 34.230 34.233 34.235 34.237 34.239 34.241 34.243 34.245 34.247 34.249 34.251 34.253 34.254 34.256 34.258 34.260
33.945 33.951 33.957 33.963 33.969 33.975 33.981 33.986 33.992 33.997 34.003 34.008 34.014 34.019 34.025 34.030 34.036 34.041 34.047 34.052 34.058 34.063 34.069 34.074 34.079 34.083 34.088 34.093 34.098 34.102 34.107 34.111 34.115 34.120 34.124 34.128 34.132 34.136 34.140 34.144 34.148 34.151 34.155 34.159 34.162 34.166 34.169 34.172 34.175 34.178 34.181 34.184 34.187 34.189 34.192 34.194 34.197 34.199 34.201 34.203 34.205 34.207 34.209 34.212 34.214 34.216 34.218 34.219 34.221 34.223 34.225
33.912 33.918 33.924 33.930 33.936 33.942 33.948 33.953 33.958 33.963 33.969 33.974 33.979 33.984 33.990 33.995 34.000 34.006 34.011 34.016 34.022 34.027 34.033 34.037 34.042 34.047 34.052 34.056 34.061 34.066 34.070 34.074 34.078 34.082 34.086 34.090 34.094 34.098 34.103 34.106 34.110 34.114 34.118 34.121 34.125 34.128 34.132 34.135 34.138 34.141 34.145 34.148 34.151 34.153 34.156 34.158 34.161 34.163 34.165 34.168 34.170 34.172 34.174 34.176 34.179 34.181 34.183 34.184 34.186 34.188 34.190
33.879 33.885 33.891 33.896 33.902 33.908 33.913 33.918 33.923 33.929 33.934 33.939 33.944 33.950 33.955 33.960 33.966 33.971 33.976 33.982 33.987 33.992 33.998 34.003 34.007 34.012 34.017 34.022 34.026 34.031 34.035 34.039 34.044 34.048 34.052 34.056 34.060 34.064 34.068 34.072 34.076 34.079 34.083 34.087 34.090 34.094 34.097 34.101 34.104 34.107 34.111 34.114 34.117 34.120 34.123 34.125 34.128 34.130 34.132 34.135 34.137 34.139 34.142 34.144 34.146 34.148 34.150 34.152 34.153 34.155 34.157
33.846 33.852 33.858 33.863 33.868 33.873 33.879 33.884 33.889 33.894 33.899 33.904 33.910 33.915 33.920 33.925 33.931 33.936 33.942 33.947 33.953 33.958 33.963 33.968 33.973 33.977 33.982 33.987 33.991 33.996 34.001 34.005 34.009 34.013 34.017 34.021 34.025 34.030 34.034 34.038 34.041 34.045 34.048 34.052 34.056 34.059 34.063 34.066 34.070 34.074 34.077 34.080 34.083 34.086 34.089 34.092 34.095 34.097 34.100 34.102 34.104 34.107 34.109 34.111 34.113 34.115 34.117 34.119 34.121 34.122 34.124
33.814 33.819 33.824 33.830 33.835 33.840 33.844 33.849 33.854 33.859 33.864 33.870 33.875 33.881 33.886 33.891 33.897 33.902 33.908 33.913 33.919 33.924 33.929 33.934 33.939 33.944 33.949 33.953 33.958 33.963 33.968 33.972 33.977 33.981 33.985 33.990 33.994 33.998 34.002 34.006 34.010 34.013 34.017 34.021 34.025 34.029 34.033 34.036 34.040 34.044 34.048 34.051 34.054 34.057 34.060 34.062 34.065 34.068 34.070 34.073 34.075 34.077 34.080 34.082 34.084 34.086 34.088 34.089 34.091 34.093 34.095
33.781 33.786 33.791 33.796 33.802 33.806 33.810 33.815 33.819 33.825 33.830 33.836 33.841 33.847 33.852 33.857 33.863 33.868 33.873 33.879 33.885 33.890 33.896 33.901 33.906 33.911 33.915 33.920 33.925 33.930 33.934 33.939 33.944 33.949 33.953 33.958 33.962 33.966 33.971 33.974 33.978 33.982 33.986 33.990 33.994 33.998 34.002 34.007 34.011 34.014 34.018 34.021 34.025 34.027 34.030 34.033 34.036 34.038 34.041 34.043 34.046 34.048 34.050 34.052 34.054 34.057 34.059 34.060 34.062 34.064 34.066
33.751 33.756 33.760 33.765 33.769 33.773 33.778 33.782 33.787 33.792 33.798 33.803 33.809 33.814 33.820 33.825 33.831 33.836 33.841 33.847 33.853 33.858 33.864 33.869 33.874 33.879 33.884 33.888 33.893 33.898 33.903 33.908 33.913 33.918 33.923 33.928 33.932 33.937 33.941 33.945 33.950 33.954 33.958 33.962 33.966 33.970 33.975 33.979 33.983 33.987 33.991 33.995 33.998 34.001 34.005 34.007 34.010 34.012 34.015 34.017 34.019 34.022 34.025 34.027 34.029 34.031 34.033 34.035 34.037 34.039 34.041
33.721 33.725 33.729 33.733 33.737 33.741 33.745 33.750 33.755 33.760 33.765 33.771 33.776 33.782 33.788 33.793 33.799 33.804 33.809 33.815 33.821 33.826 33.832 33.837 33.842 33.847 33.852 33.857 33.862 33.867 33.872 33.877 33.882 33.887 33.892 33.897 33.902 33.907 33.912 33.917 33.921 33.926 33.930 33.934 33.938 33.942 33.947 33.951 33.956 33.960 33.964 33.968 33.972 33.976 33.979 33.982 33.985 33.987 33.989 33.991 33.993 33.996 33.999 34.001 34.003 34.005 34.007 34.009 34.011 34.013 34.016
33.694 33.698 33.702 33.705 33.709 33.713 33.717 33.722 33.726 33.731 33.736 33.741 33.746 33.752 33.758 33.763 33.769 33.774 33.779 33.785 33.790 33.795 33.801 33.806 33.811 33.816 33.821 33.826 33.831 33.836 33.842 33.847 33.852 33.858 33.863 33.868 33.874 33.880 33.885 33.890 33.895 33.900 33.905 33.909 33.914 33.918 33.922 33.927 33.931 33.935 33.939 33.943 33.947 33.951 33.955 33.958 33.961 33.964 33.966 33.968 33.970 33.974 33.977 33.979 33.981 33.984 33.986 33.988 33.991 33.993 33.995
33.667 33.671 33.674 33.678 33.681 33.685 33.689 33.693 33.697 33.702 33.706 33.712 33.717 33.722 33.728 33.733 33.738 33.743 33.749 33.754 33.760 33.765 33.770 33.775 33.780 33.785 33.790 33.795 33.800 33.806 33.811 33.817 33.822 33.828 33.834 33.840 33.845 33.852 33.858 33.864 33.869 33.874 33.879 33.884 33.889 33.893 33.897 33.902 33.907 33.910 33.914 33.918 33.923 33.927 33.931 33.934 33.938 33.941 33.944 33.946 33.948 33.951 33.954 33.957 33.960 33.962 33.965 33.967 33.970 33.972 33.974
33.642 33.646 33.650 33.653 33.657 33.661 33.666 33.670 33.674 33.677 33.681 33.686 33.691 33.696 33.701 33.705 33.710 33.715 33.720 33.725 33.731 33.736 33.740 33.745 33.750 33.755 33.760 33.766 33.771 33.777 33.782 33.788 33.794 33.800 33.806 33.813 33.820 33.826 33.832 33.838 33.843 33.849 33.855 33.860 33.865 33.870 33.875 33.880 33.884 33.888 33.892 33.897 33.901 33.906 33.910 33.913 33.917 33.921 33.924 33.926 33.929 33.932 33.935 33.938 33.941 33.944 33.946 33.949 33.952 33.955 33.958
33.616 33.621 33.625 33.629 33.633 33.638 33.642 33.646 33.650 33.653 33.656 33.661 33.665 33.669 33.674 33.678 33.683 33.687 33.692 33.697 33.702 33.706 33.711 33.716 33.721 33.726 33.731 33.736 33.742 33.747 33.753 33.759 33.765 33.772 33.779 33.787 33.794 33.800 33.806 33.812 33.818 33.824 33.830 33.836 33.842 33.847 33.853 33.857 33.862 33.866 33.870 33.875 33.880 33.884 33.889 33.892 33.896 33.900 33.904 33.907 33.910 33.913 33.916 33.919 33.922 33.925 33.928 33.931 33.934 33.937 33.941
33.592 33.596 33.601 33.605 33.609 33.614 33.619 33.623 33.627 33.631 33.635 33.640 33.645 33.649 33.653 33.658 33.662 33.667 33.672 33.677 33.681 33.686 33.690 33.695 33.700 33.705 33.711 33.716 33.721 33.727 33.733 33.739 33.744 33.752 33.760 33.768 33.776 33.782 33.788 33.794 33.800 33.807 33.813 33.819 33.825 33.831 33.837 33.843 33.848 33.853 33.858 33.863 33.868 33.873 33.878 33.881 33.885 33.889 33.894 33.898 33.901 33.904 33.908 33.911 33.915 33.918 33.922 33.925 33.929 33.933 33.937
