230620T125922_230601T165519_230321_sos_CMIP6_historical_1985_2015_mean-0p5deg.txt
ncols 719
nrows 359
xllcorner 0.0
yllcorner -89.5
cellsize 0.5
NODATA_value -99999
[rows 0 to 31 of 359, columns 426 to 496 of 719]
31.466 31.450 31.433 31.433 31.433 31.433 31.433 31.433 31.433 31.433 31.433 31.433 31.433 31.433 31.433 31.433 31.433 31.433 31.433 31.433 31.433 31.433 31.433 31.433 31.433 31.433 31.434 31.434 31.434 31.424 31.413 31.458 31.502 31.502 31.502 31.503 31.503 31.503 31.504 31.510 31.516 31.504 31.492 31.492 31.491 31.492 31.492 31.492 31.492 31.492 31.492 31.492 31.492 31.493 31.494 31.494 31.494 31.494 31.495 31.495 31.495 31.495 31.495 31.495 31.495 31.508 31.521 31.521 31.521 31.521 31.521
31.471 31.463 31.455 31.455 31.455 31.455 31.456 31.456 31.456 31.456 31.457 31.457 31.457 31.457 31.458 31.458 31.458 31.458 31.458 31.459 31.459 31.459 31.459 31.460 31.460 31.461 31.461 31.461 31.462 31.457 31.452 31.474 31.497 31.497 31.497 31.498 31.498 31.491 31.483 31.487 31.490 31.484 31.478 31.478 31.478 31.473 31.467 31.467 31.468 31.462 31.457 31.457 31.457 31.458 31.459 31.457 31.455 31.461 31.467 31.467 31.468 31.474 31.480 31.507 31.534 31.540 31.547 31.547 31.548 31.558 31.568
31.475 31.476 31.476 31.477 31.477 31.478 31.478 31.479 31.479 31.480 31.480 31.481 31.481 31.482 31.482 31.483 31.483 31.484 31.484 31.485 31.485 31.486 31.486 31.487 31.487 31.488 31.488 31.489 31.490 31.490 31.491 31.491 31.492 31.492 31.493 31.493 31.494 31.478 31.463 31.463 31.464 31.464 31.464 31.465 31.465 31.454 31.443 31.443 31.443 31.432 31.421 31.421 31.422 31.423 31.423 31.419 31.415 31.428 31.440 31.440 31.441 31.453 31.465 31.519 31.572 31.573 31.573 31.574 31.574 31.594 31.614
31.481 31.481 31.482 31.483 31.484 31.484 31.485 31.486 31.487 31.487 31.488 31.489 31.489 31.490 31.491 31.491 31.492 31.493 31.493 31.494 31.495 31.495 31.496 31.497 31.497 31.498 31.498 31.499 31.500 31.500 31.501 31.502 31.502 31.503 31.503 31.504 31.505 31.498 31.490 31.491 31.491 31.492 31.492 31.485 31.478 31.473 31.467 31.468 31.469 31.457 31.446 31.440 31.435 31.436 31.438 31.442 31.446 31.459 31.471 31.472 31.473 31.479 31.486 31.521 31.556 31.557 31.557 31.558 31.559 31.601 31.643
31.486 31.487 31.488 31.489 31.490 31.491 31.492 31.493 31.494 31.495 31.496 31.497 31.498 31.498 31.499 31.500 31.501 31.502 31.503 31.504 31.504 31.505 31.506 31.507 31.507 31.508 31.509 31.509 31.510 31.511 31.511 31.512 31.513 31.513 31.514 31.515 31.516 31.517 31.518 31.518 31.519 31.520 31.520 31.506 31.491 31.492 31.492 31.493 31.494 31.482 31.470 31.460 31.449 31.450 31.452 31.464 31.476 31.490 31.503 31.504 31.505 31.505 31.506 31.523 31.540 31.541 31.541 31.542 31.543 31.607 31.671
31.482 31.483 31.484 31.485 31.486 31.487 31.488 31.489 31.490 31.491 31.492 31.493 31.494 31.495 31.496 31.497 31.498 31.499 31.500 31.501 31.501 31.502 31.503 31.504 31.505 31.506 31.507 31.508 31.509 31.510 31.511 31.512 31.513 31.514 31.515 31.516 31.517 31.518 31.519 31.520 31.521 31.522 31.523 31.516 31.509 31.503 31.496 31.497 31.498 31.486 31.474 31.464 31.453 31.454 31.456 31.469 31.482 31.496 31.509 31.511 31.512 31.521 31.530 31.539 31.548 31.550 31.551 31.552 31.553 31.586 31.619
31.478 31.479 31.480 31.481 31.482 31.483 31.484 31.485 31.486 31.487 31.488 31.489 31.490 31.491 31.493 31.494 31.495 31.496 31.497 31.498 31.498 31.500 31.501 31.502 31.503 31.504 31.505 31.506 31.508 31.509 31.510 31.511 31.513 31.514 31.515 31.516 31.518 31.519 31.520 31.522 31.523 31.524 31.525 31.527 31.528 31.514 31.499 31.501 31.502 31.490 31.478 31.468 31.457 31.459 31.460 31.474 31.487 31.502 31.516 31.518 31.519 31.536 31.554 31.555 31.557 31.559 31.560 31.562 31.563 31.565 31.566
31.480 31.482 31.483 31.484 31.485 31.487 31.488 31.489 31.490 31.492 31.493 31.494 31.495 31.497 31.498 31.499 31.501 31.502 31.503 31.504 31.506 31.507 31.508 31.510 31.511 31.512 31.514 31.515 31.516 31.518 31.519 31.520 31.522 31.523 31.525 31.526 31.528 31.529 31.531 31.532 31.534 31.535 31.537 31.539 31.540 31.534 31.528 31.522 31.515 31.510 31.505 31.488 31.470 31.472 31.474 31.495 31.515 31.523 31.532 31.541 31.550 31.560 31.570 31.571 31.573 31.575 31.577 31.579 31.581 31.582 31.584
31.482 31.484 31.485 31.487 31.488 31.490 31.492 31.493 31.495 31.496 31.498 31.499 31.501 31.502 31.504 31.505 31.507 31.508 31.510 31.511 31.513 31.515 31.516 31.517 31.519 31.520 31.522 31.523 31.525 31.526 31.528 31.530 31.531 31.533 31.535 31.536 31.538 31.540 31.542 31.543 31.545 31.547 31.549 31.551 31.553 31.554 31.556 31.543 31.529 31.531 31.532 31.508 31.483 31.485 31.487 31.515 31.543 31.545 31.547 31.564 31.582 31.583 31.585 31.587 31.589 31.592 31.594 31.596 31.598 31.600 31.602
31.485 31.486 31.488 31.490 31.491 31.493 31.495 31.496 31.498 31.500 31.502 31.503 31.505 31.507 31.508 31.510 31.511 31.513 31.515 31.516 31.518 31.520 31.522 31.523 31.525 31.526 31.528 31.530 31.532 31.533 31.535 31.537 31.539 31.540 31.542 31.544 31.546 31.548 31.550 31.551 31.553 31.555 31.557 31.559 31.561 31.564 31.566 31.560 31.554 31.548 31.542 31.517 31.492 31.495 31.497 31.526 31.555 31.565 31.575 31.585 31.594 31.597 31.599 31.601 31.603 31.606 31.608 31.610 31.612 31.614 31.616
31.487 31.489 31.490 31.492 31.494 31.496 31.498 31.500 31.502 31.504 31.506 31.508 31.510 31.511 31.513 31.515 31.516 31.518 31.520 31.521 31.523 31.525 31.527 31.529 31.530 31.532 31.534 31.536 31.538 31.540 31.542 31.544 31.546 31.548 31.550 31.552 31.554 31.556 31.558 31.560 31.562 31.564 31.566 31.568 31.570 31.573 31.575 31.577 31.579 31.566 31.552 31.527 31.501 31.504 31.507 31.537 31.566 31.585 31.603 31.605 31.607 31.610 31.613 31.615 31.618 31.620 31.622 31.624 31.626 31.628 31.630
31.483 31.485 31.487 31.489 31.491 31.493 31.495 31.498 31.500 31.502 31.504 31.506 31.508 31.510 31.512 31.514 31.515 31.517 31.519 31.521 31.523 31.525 31.527 31.529 31.531 31.533 31.535 31.537 31.539 31.541 31.543 31.545 31.547 31.549 31.551 31.553 31.555 31.557 31.559 31.562 31.564 31.566 31.568 31.571 31.573 31.576 31.578 31.580 31.583 31.569 31.555 31.537 31.519 31.522 31.525 31.547 31.570 31.589 31.608 31.610 31.613 31.616 31.618 31.621 31.624 31.626 31.628 31.631 31.633 31.636 31.638
31.479 31.482 31.484 31.486 31.489 31.491 31.493 31.495 31.497 31.500 31.502 31.504 31.506 31.508 31.511 31.513 31.515 31.517 31.519 31.521 31.523 31.525 31.527 31.529 31.531 31.534 31.536 31.538 31.540 31.542 31.544 31.546 31.548 31.550 31.552 31.555 31.557 31.559 31.561 31.563 31.566 31.568 31.570 31.573 31.576 31.578 31.581 31.584 31.586 31.572 31.558 31.547 31.537 31.540 31.543 31.558 31.574 31.593 31.613 31.616 31.618 31.621 31.624 31.627 31.630 31.632 31.635 31.638 31.641 31.643 31.646
31.474 31.476 31.479 31.481 31.484 31.486 31.488 31.491 31.493 31.495 31.498 31.500 31.502 31.505 31.507 31.509 31.511 31.514 31.516 31.518 31.520 31.522 31.524 31.527 31.529 31.531 31.533 31.535 31.537 31.539 31.541 31.543 31.545 31.548 31.550 31.552 31.554 31.556 31.558 31.561 31.563 31.566 31.568 31.571 31.573 31.576 31.578 31.581 31.584 31.570 31.555 31.545 31.534 31.537 31.540 31.556 31.572 31.592 31.612 31.615 31.618 31.620 31.623 31.627 31.630 31.633 31.636 31.639 31.642 31.645 31.647
31.468 31.471 31.473 31.476 31.479 31.481 31.484 31.486 31.489 31.491 31.494 31.496 31.498 31.501 31.503 31.506 31.508 31.510 31.513 31.515 31.517 31.519 31.521 31.524 31.526 31.528 31.530 31.532 31.534 31.536 31.538 31.540 31.543 31.545 31.547 31.549 31.551 31.554 31.556 31.558 31.561 31.563 31.566 31.568 31.571 31.573 31.576 31.579 31.582 31.567 31.553 31.542 31.531 31.534 31.537 31.554 31.570 31.590 31.611 31.614 31.617 31.620 31.623 31.626 31.630 31.633 31.636 31.639 31.642 31.646 31.649
31.459 31.462 31.465 31.468 31.471 31.474 31.477 31.479 31.482 31.485 31.488 31.490 31.493 31.496 31.498 31.501 31.503 31.506 31.508 31.511 31.513 31.515 31.518 31.520 31.522 31.524 31.526 31.528 31.530 31.532 31.535 31.537 31.539 31.541 31.543 31.545 31.547 31.549 31.551 31.554 31.556 31.558 31.561 31.564 31.566 31.569 31.571 31.574 31.577 31.571 31.566 31.546 31.525 31.529 31.532 31.557 31.583 31.595 31.607 31.610 31.614 31.617 31.620 31.623 31.627 31.630 31.634 31.637 31.641 31.644 31.648
31.450 31.453 31.457 31.460 31.463 31.466 31.469 31.473 31.476 31.479 31.482 31.485 31.488 31.490 31.493 31.496 31.499 31.501 31.504 31.507 31.509 31.512 31.514 31.516 31.518 31.521 31.523 31.525 31.527 31.529 31.531 31.533 31.535 31.537 31.538 31.540 31.542 31.544 31.546 31.549 31.551 31.554 31.556 31.559 31.561 31.564 31.567 31.570 31.573 31.576 31.578 31.549 31.520 31.523 31.526 31.561 31.596 31.600 31.604 31.607 31.611 31.614 31.617 31.621 31.624 31.628 31.632 31.635 31.639 31.643 31.646
31.435 31.439 31.443 31.447 31.451 31.455 31.459 31.463 31.466 31.470 31.474 31.477 31.480 31.484 31.487 31.490 31.493 31.496 31.498 31.501 31.504 31.506 31.509 31.511 31.513 31.515 31.518 31.520 31.522 31.523 31.525 31.527 31.529 31.531 31.533 31.534 31.536 31.538 31.540 31.542 31.544 31.546 31.548 31.550 31.552 31.555 31.557 31.560 31.562 31.565 31.568 31.538 31.508 31.512 31.515 31.551 31.587 31.590 31.594 31.597 31.600 31.604 31.607 31.611 31.615 31.618 31.622 31.625 31.629 31.632 31.635
31.419 31.424 31.429 31.434 31.439 31.443 31.448 31.453 31.457 31.461 31.465 31.469 31.473 31.477 31.480 31.484 31.487 31.490 31.493 31.496 31.498 31.501 31.504 31.506 31.508 31.510 31.512 31.515 31.517 31.518 31.520 31.522 31.524 31.525 31.527 31.528 31.530 31.531 31.533 31.534 31.536 31.538 31.539 31.541 31.543 31.546 31.548 31.550 31.552 31.554 31.557 31.527 31.496 31.500 31.504 31.541 31.578 31.581 31.584 31.587 31.590 31.594 31.597 31.601 31.605 31.608 31.612 31.615 31.618 31.622 31.625
31.392 31.398 31.404 31.410 31.415 31.421 31.426 31.432 31.437 31.442 31.447 31.451 31.455 31.459 31.463 31.467 31.471 31.474 31.477 31.480 31.483 31.485 31.488 31.490 31.493 31.495 31.497 31.499 31.500 31.502 31.503 31.505 31.506 31.508 31.509 31.510 31.512 31.513 31.514 31.515 31.516 31.517 31.519 31.520 31.522 31.523 31.525 31.528 31.530 31.533 31.536 31.511 31.486 31.489 31.493 31.523 31.554 31.557 31.560 31.563 31.566 31.569 31.572 31.576 31.579 31.583 31.586 31.590 31.593 31.595 31.598
31.364 31.371 31.378 31.385 31.392 31.398 31.405 31.411 31.417 31.422 31.428 31.433 31.438 31.442 31.446 31.450 31.455 31.458 31.461 31.464 31.467 31.470 31.472 31.475 31.477 31.479 31.481 31.483 31.484 31.485 31.487 31.488 31.489 31.490 31.491 31.492 31.493 31.494 31.495 31.496 31.497 31.497 31.498 31.499 31.500 31.501 31.502 31.505 31.508 31.511 31.514 31.495 31.476 31.479 31.481 31.505 31.530 31.533 31.536 31.539 31.542 31.544 31.546 31.550 31.553 31.557 31.561 31.565 31.568 31.569 31.571
31.309 31.318 31.326 31.334 31.343 31.350 31.358 31.365 31.373 31.379 31.386 31.392 31.398 31.403 31.409 31.414 31.419 31.423 31.428 31.431 31.435 31.438 31.442 31.444 31.447 31.449 31.451 31.453 31.454 31.455 31.457 31.457 31.458 31.459 31.460 31.460 31.461 31.461 31.461 31.462 31.462 31.463 31.463 31.464 31.464 31.465 31.466 31.468 31.471 31.472 31.474 31.453 31.432 31.434 31.436 31.460 31.485 31.487 31.488 31.489 31.489 31.494 31.498 31.500 31.502 31.473 31.443 31.447 31.450 31.457 31.463
31.255 31.265 31.275 31.284 31.293 31.302 31.311 31.320 31.329 31.336 31.344 31.351 31.358 31.365 31.372 31.378 31.384 31.389 31.394 31.399 31.403 31.407 31.411 31.414 31.417 31.419 31.421 31.423 31.424 31.426 31.427 31.427 31.427 31.427 31.428 31.428 31.428 31.428 31.427 31.428 31.428 31.428 31.429 31.429 31.429 31.429 31.430 31.431 31.433 31.434 31.434 31.411 31.388 31.389 31.390 31.415 31.440 31.441 31.441 31.439 31.436 31.443 31.450 31.451 31.452 31.389 31.326 31.329 31.332 31.344 31.356
31.172 31.183 31.195 31.206 31.217 31.228 31.239 31.249 31.259 31.269 31.278 31.287 31.296 31.304 31.313 31.321 31.329 31.335 31.341 31.347 31.352 31.357 31.361 31.364 31.367 31.370 31.372 31.373 31.373 31.374 31.374 31.373 31.373 31.372 31.371 31.370 31.369 31.368 31.366 31.364 31.363 31.361 31.360 31.358 31.357 31.356 31.355 31.356 31.356 31.356 31.355 31.332 31.309 31.309 31.309 31.332 31.354 31.497 31.640 31.549 31.457 31.479 31.501 31.484 31.467 31.438 31.409 31.434 31.459 31.465 31.471
31.089 31.102 31.115 31.128 31.141 31.154 31.166 31.178 31.190 31.201 31.213 31.223 31.234 31.244 31.254 31.263 31.273 31.280 31.288 31.294 31.301 31.306 31.311 31.315 31.318 31.320 31.323 31.322 31.322 31.322 31.321 31.319 31.318 31.316 31.314 31.312 31.310 31.308 31.305 31.301 31.297 31.294 31.290 31.287 31.285 31.283 31.281 31.280 31.279 31.278 31.276 -99999 -99999 -99999 -99999 -99999 -99999 31.554 31.840 31.659 31.478 31.515 31.551 31.517 31.483 31.487 31.492 31.539 31.586 31.586 31.587
30.998 31.011 31.025 31.039 31.053 31.066 31.080 31.093 31.106 31.119 31.131 31.143 31.155 31.166 31.177 31.187 31.197 31.206 31.214 31.221 31.228 31.233 31.237 31.240 31.243 31.244 31.245 31.245 31.244 31.242 31.240 31.236 31.232 31.228 31.224 31.218 31.213 31.205 31.198 31.189 31.180 31.171 31.163 31.154 31.146 31.124 31.102 31.060 31.019 30.984 30.950 -99999 -99999 -99999 -99999 -99999 -99999 31.631 31.858 31.768 31.677 31.540 31.403 31.136 30.870 30.890 30.911 30.977 31.044 31.032 31.020
30.906 30.920 30.935 30.950 30.964 30.979 30.994 31.008 31.022 31.036 31.049 31.062 31.075 31.087 31.100 31.110 31.121 31.131 31.140 31.147 31.154 31.159 31.164 31.166 31.168 31.168 31.168 31.167 31.166 31.162 31.159 31.153 31.147 31.140 31.133 31.124 31.115 31.102 31.090 31.076 31.063 31.049 31.035 31.021 31.007 30.965 30.923 30.841 30.758 30.691 30.624 -99999 -99999 -99999 -99999 -99999 -99999 31.708 31.877 -99999 -99999 -99999 -99999 -99999 -99999 -99999 -99999 -99999 -99999 -99999 -99999
30.812 30.826 30.841 30.855 30.870 30.884 30.899 30.913 30.927 30.940 30.953 30.966 30.978 30.989 31.001 31.011 31.021 31.029 31.038 31.044 31.049 31.053 31.056 31.057 31.058 31.056 31.055 31.051 31.048 31.042 31.036 31.026 31.016 31.004 30.992 30.976 30.961 30.943 30.925 30.906 30.888 30.868 30.848 30.828 30.809 30.775 30.741 30.670 30.600 30.563 30.525 -99999 -99999 -99999 -99999 -99999 -99999 31.174 31.435 -99999 -99999 -99999 -99999 -99999 -99999 -99999 -99999 -99999 -99999 -99999 -99999
30.718 30.732 30.747 30.761 30.776 30.790 30.804 30.817 30.831 30.844 30.857 30.869 30.881 30.891 30.902 30.911 30.921 30.928 30.936 30.940 30.945 30.947 30.949 30.949 30.948 30.945 30.942 30.936 30.931 30.922 30.912 30.899 30.886 30.868 30.851 30.829 30.807 30.784 30.761 30.737 30.713 30.686 30.660 30.635 30.611 30.585 30.559 30.501 30.443 30.434 30.426 30.383 30.340 30.349 30.359 30.324 30.290 30.641 30.993 -99999 -99999 -99999 -99999 -99999 -99999 -99999 -99999 -99999 -99999 -99999 -99999
30.620 30.633 30.646 30.658 30.671 30.683 30.696 30.707 30.719 30.730 30.741 30.751 30.761 30.769 30.778 30.784 30.791 30.796 30.801 30.803 30.805 30.804 30.804 30.801 30.798 30.791 30.785 30.775 30.766 30.750 30.735 30.714 30.694 30.670 30.647 30.618 30.590 30.562 30.534 30.513 30.494 30.476 30.459 30.412 30.366 30.533 30.701 30.669 30.636 30.565 30.494 30.314 30.134 30.075 30.017 30.042 30.067 30.241 30.416 -99999 -99999 -99999 -99999 -99999 -99999 -99999 -99999 -99999 -99999 -99999 -99999
30.523 30.533 30.544 30.555 30.566 30.577 30.588 30.597 30.606 30.616 30.626 30.633 30.641 30.647 30.654 30.657 30.660 30.663 30.666 30.665 30.665 30.662 30.659 30.653 30.648 30.638 30.628 30.614 30.600 30.579 30.557 30.530 30.503 30.473 30.442 30.408 30.373 30.340 30.307 30.290 30.274 30.266 30.258 -99999 -99999 -99999 -99999 -99999 -99999 -99999 -99999 -99999 -99999 -99999 -99999 -99999 -99999 -99999 -99999 -99999 -99999 29.911 29.925 29.779 29.633 30.270 30.906 30.952 30.999 30.961 30.924
30.407 30.414 30.421 30.428 30.436 30.443 30.451 30.456 30.463 30.469 30.475 30.478 30.482 30.484 30.487 30.486 30.486 30.484 30.482 30.477 30.472 30.465 30.459 30.450 30.442 30.429 30.417 30.401 30.386 30.366 30.347 30.322 30.298 30.271 30.245 30.218 30.192 30.176 30.161 30.164 30.168 30.173 30.179 -99999 -99999 -99999 -99999 -99999 -99999 -99999 -99999 -99999 -99999 -99999 -99999 -99999 -99999 -99999 -99999 -99999 -99999 30.127 30.273 30.164 30.054 30.075 30.096 30.150 30.205 30.161 30.119
