230620T130124_230601T165519_230321_sos_CMIP6_ssp370_2071_2101_mean-0p5deg.txt
ncols 719
nrows 359
xllcorner 0.0
yllcorner -89.5
cellsize 0.5
NODATA_value -99999
[rows 0 to 31 of 359, columns 497 to 567 of 719]
30.178 30.177 30.177 30.177 30.176 30.176 30.190 30.204 30.203 30.203 30.203 30.203 30.202 30.202 30.201 30.200 30.200 30.201 30.199 30.198 30.198 30.198 30.198 30.198 30.197 30.196 30.196 30.196 30.196 30.196 30.195 30.194 30.194 30.194 30.217 30.241 30.241 30.241 30.241 30.240 30.240 30.239 30.248 30.257 30.257 30.258 30.258 30.259 30.259 30.259 30.259 30.259 30.260 30.260 30.261 30.262 30.484 30.706 30.706 30.707 30.707 30.708 30.708 30.708 30.708 30.709 30.710 30.710 30.710 30.711 30.711
30.102 30.102 30.101 30.101 30.117 30.132 30.139 30.146 30.145 30.145 30.144 30.144 30.143 30.143 30.142 30.141 30.141 30.141 30.140 30.139 30.139 30.139 30.138 30.138 30.236 30.333 30.333 30.332 30.332 30.332 30.331 30.330 30.330 30.329 30.341 30.352 30.352 30.352 30.351 30.351 30.332 30.314 30.320 30.325 30.325 30.325 30.326 30.326 30.326 30.326 30.326 30.326 30.326 30.326 30.327 30.327 30.439 30.550 30.550 30.550 30.551 30.551 30.551 30.552 30.552 30.553 30.553 30.554 30.555 30.555 30.556
30.027 30.026 30.025 30.025 30.057 30.089 30.088 30.088 30.087 30.086 30.086 30.085 30.084 30.084 30.083 30.083 30.082 30.082 30.081 30.081 30.080 30.079 30.079 30.078 30.275 30.471 30.470 30.469 30.468 30.468 30.467 30.466 30.465 30.465 30.464 30.464 30.463 30.462 30.462 30.461 30.425 30.389 30.391 30.393 30.393 30.393 30.393 30.393 30.393 30.393 30.393 30.393 30.393 30.393 30.393 30.393 30.393 30.394 30.394 30.394 30.394 30.394 30.395 30.395 30.396 30.397 30.397 30.398 30.399 30.399 30.400
29.990 29.986 29.986 29.985 30.001 30.017 30.016 30.016 30.015 30.015 30.015 30.014 30.029 30.043 30.043 30.042 30.042 30.042 30.123 30.204 30.203 30.202 30.201 30.200 30.297 30.395 30.393 30.392 30.391 30.390 30.389 30.387 30.370 30.354 30.353 30.352 30.351 30.350 30.349 30.348 30.329 30.310 30.312 30.314 30.314 30.315 30.314 30.314 30.313 30.313 30.312 30.312 30.312 30.312 30.311 30.311 30.311 30.311 30.311 30.311 30.311 30.311 30.311 30.311 30.312 30.312 30.313 30.313 30.314 30.315 30.316
29.954 29.946 29.946 29.945 29.945 29.945 29.944 29.944 29.944 29.944 29.943 29.943 29.973 30.003 30.002 30.002 30.002 30.001 30.165 30.328 30.327 30.325 30.323 30.322 30.320 30.318 30.317 30.315 30.313 30.312 30.310 30.309 30.275 30.242 30.241 30.240 30.238 30.237 30.236 30.234 30.233 30.232 30.233 30.234 30.235 30.236 30.235 30.234 30.234 30.233 30.232 30.231 30.231 30.230 30.229 30.229 30.229 30.228 30.228 30.228 30.228 30.227 30.227 30.227 30.228 30.228 30.228 30.229 30.230 30.231 30.232
30.092 30.088 30.020 29.953 29.953 29.953 29.950 29.947 29.947 29.947 29.947 29.947 29.962 29.977 30.054 30.130 30.129 30.128 30.208 30.288 30.286 30.284 30.282 30.281 30.279 30.277 30.274 30.272 30.270 30.268 30.251 30.235 30.217 30.199 30.197 30.195 30.193 30.191 30.190 30.190 30.188 30.186 30.185 30.184 30.184 30.183 30.181 30.180 30.178 30.176 30.175 30.173 30.171 30.170 30.168 30.167 30.166 30.165 30.164 30.164 30.163 30.162 30.162 30.161 30.161 30.161 30.161 30.161 30.161 30.161 30.161
30.231 30.229 30.095 29.960 29.961 29.962 29.956 29.951 29.951 29.951 29.951 29.951 29.951 29.951 30.105 30.259 30.256 30.254 30.251 30.248 30.246 30.244 30.242 30.239 30.237 30.235 30.232 30.229 30.227 30.224 30.192 30.161 30.158 30.155 30.152 30.150 30.147 30.144 30.145 30.145 30.143 30.140 30.138 30.135 30.132 30.130 30.127 30.125 30.122 30.120 30.117 30.115 30.112 30.110 30.107 30.105 30.104 30.102 30.101 30.099 30.098 30.097 30.096 30.095 30.094 30.093 30.093 30.092 30.092 30.091 30.091
30.197 30.194 30.125 30.057 30.002 29.947 29.945 29.942 29.942 29.943 29.940 29.937 29.986 30.034 30.109 30.184 30.195 30.205 30.202 30.199 30.195 30.192 30.189 30.186 30.182 30.179 30.175 30.172 30.155 30.139 30.121 30.103 30.100 30.096 30.094 30.092 30.089 30.085 30.083 30.081 30.078 30.074 30.070 30.067 30.063 30.060 30.056 30.052 30.049 30.045 30.041 30.037 30.034 30.031 30.028 30.025 30.022 30.020 30.017 30.014 30.012 30.010 30.008 30.007 30.005 30.004 30.003 30.001 30.000 30.000 29.999
30.163 30.160 30.156 30.153 30.043 29.933 29.933 29.934 29.934 29.935 29.929 29.924 30.021 30.117 30.114 30.110 30.133 30.157 30.153 30.149 30.144 30.140 30.136 30.132 30.127 30.123 30.119 30.114 30.084 30.054 30.050 30.046 30.041 30.037 30.036 30.035 30.031 30.026 30.022 30.017 30.013 30.008 30.003 29.998 29.994 29.989 29.984 29.980 29.975 29.970 29.965 29.960 29.956 29.952 29.949 29.945 29.941 29.937 29.933 29.928 29.925 29.923 29.921 29.919 29.917 29.914 29.912 29.910 29.909 29.908 29.907
30.125 30.121 30.118 30.114 30.016 29.917 29.918 29.918 29.918 29.919 29.916 29.914 29.992 30.070 30.065 30.061 30.071 30.080 30.088 30.095 30.090 30.084 30.079 30.073 30.067 30.061 30.045 30.028 30.010 29.992 29.986 29.980 29.977 29.974 29.970 29.966 29.960 29.953 29.947 29.941 29.934 29.928 29.921 29.914 29.908 29.901 29.894 29.888 29.880 29.873 29.866 29.859 29.853 29.847 29.840 29.834 29.828 29.822 29.816 29.811 29.806 29.802 29.798 29.794 29.790 29.787 29.784 29.781 29.778 29.776 29.774
30.087 30.083 30.079 30.075 29.988 29.901 29.902 29.902 29.903 29.903 29.903 29.904 29.963 30.022 30.017 30.012 30.008 30.003 30.022 30.041 30.035 30.028 30.021 30.014 30.007 30.000 29.971 29.942 29.935 29.929 29.921 29.914 29.913 29.911 29.904 29.897 29.889 29.881 29.872 29.864 29.856 29.848 29.838 29.830 29.821 29.813 29.804 29.796 29.786 29.776 29.767 29.758 29.750 29.742 29.732 29.722 29.714 29.706 29.700 29.694 29.687 29.681 29.675 29.669 29.664 29.659 29.656 29.652 29.648 29.643 29.640
30.047 30.043 30.039 30.034 29.959 29.883 29.884 29.886 29.887 29.889 29.890 29.890 29.938 29.985 29.976 29.968 29.963 29.958 29.974 29.990 29.984 29.977 29.969 29.961 29.953 29.945 29.917 29.888 29.880 29.872 29.867 29.863 29.856 29.849 29.838 29.827 29.815 29.804 29.791 29.780 29.769 29.758 29.746 29.734 29.732 29.729 29.718 29.707 29.697 29.688 29.679 29.671 29.662 29.654 29.645 29.636 29.629 29.621 29.614 29.606 29.579 29.552 29.518 29.485 29.501 29.517 29.529 29.540 29.521 29.502 29.468
30.007 30.003 29.998 29.994 29.930 29.865 29.867 29.869 29.872 29.874 29.876 29.877 29.912 29.947 29.936 29.924 29.918 29.912 29.926 29.939 29.932 29.925 29.917 29.908 29.900 29.891 29.862 29.834 29.824 29.814 29.813 29.812 29.799 29.787 29.772 29.757 29.742 29.726 29.711 29.695 29.682 29.669 29.654 29.639 29.642 29.644 29.632 29.619 29.609 29.599 -99999 -99999 -99999 -99999 -99999 -99999 -99999 -99999 -99999 -99999 -99999 -99999 -99999 -99999 -99999 -99999 -99999 -99999 -99999 -99999 -99999
29.963 29.960 29.956 29.953 29.919 29.885 29.872 29.858 29.861 29.863 29.872 29.881 29.897 29.913 29.906 29.898 29.888 29.879 29.891 29.904 29.897 29.891 29.885 29.879 29.870 29.862 29.837 29.812 29.808 29.804 29.799 29.794 29.783 29.772 29.760 29.747 29.733 29.720 29.695 29.671 29.794 29.918 29.887 29.855 29.873 29.891 29.916 29.940 29.931 29.922 -99999 -99999 -99999 -99999 -99999 -99999 -99999 -99999 -99999 -99999 -99999 -99999 -99999 -99999 -99999 -99999 -99999 -99999 -99999 -99999 -99999
29.918 29.916 29.914 29.912 29.908 29.904 29.876 29.848 29.850 29.852 29.869 29.885 29.882 29.879 29.875 29.871 29.858 29.846 29.857 29.868 29.863 29.858 29.853 29.849 29.841 29.833 29.811 29.789 29.791 29.794 29.785 29.777 29.767 29.758 29.747 29.737 29.725 29.714 29.680 29.646 29.907 30.168 -99999 -99999 -99999 -99999 -99999 -99999 -99999 -99999 -99999 -99999 -99999 -99999 -99999 -99999 -99999 -99999 -99999 -99999 -99999 -99999 -99999 -99999 -99999 -99999 -99999 -99999 -99999 -99999 -99999
29.877 29.874 29.872 29.870 29.868 29.867 29.853 29.839 29.843 29.846 29.851 29.856 29.854 29.853 29.852 29.850 29.838 29.827 29.831 29.836 29.837 29.838 29.833 29.828 29.819 29.809 29.796 29.782 29.787 29.792 29.929 30.065 30.036 30.007 29.985 29.964 29.960 29.956 29.895 29.833 30.193 30.552 -99999 -99999 -99999 -99999 -99999 -99999 -99999 -99999 -99999 -99999 -99999 -99999 -99999 -99999 -99999 -99999 -99999 -99999 -99999 -99999 -99999 -99999 -99999 -99999 -99999 -99999 -99999 -99999 -99999
29.835 29.832 29.831 29.829 29.829 29.829 29.830 29.831 29.835 29.840 29.833 29.827 29.827 29.827 29.828 29.829 29.819 29.808 29.806 29.804 29.811 29.817 29.812 29.807 29.797 29.786 29.781 29.775 29.783 29.790 -99999 -99999 -99999 -99999 -99999 -99999 -99999 -99999 -99999 -99999 -99999 -99999 -99999 -99999 -99999 -99999 -99999 -99999 -99999 -99999 -99999 -99999 -99999 -99999 -99999 -99999 -99999 -99999 -99999 -99999 -99999 -99999 -99999 -99999 -99999 -99999 -99999 -99999 -99999 -99999 -99999
29.795 29.795 29.796 29.797 29.798 29.799 29.812 29.824 29.831 29.837 29.823 29.809 29.810 29.811 29.812 29.812 29.803 29.794 29.793 29.792 29.794 29.796 29.791 29.787 29.780 29.774 29.747 29.720 29.899 30.077 -99999 -99999 -99999 -99999 -99999 -99999 -99999 -99999 -99999 -99999 -99999 -99999 -99999 -99999 -99999 -99999 -99999 -99999 -99999 -99999 -99999 -99999 -99999 -99999 -99999 -99999 -99999 -99999 -99999 -99999 -99999 -99999 -99999 -99999 -99999 -99999 -99999 -99999 -99999 -99999 -99999
29.755 29.758 29.761 29.764 29.767 29.770 29.794 29.817 29.826 29.835 29.813 29.791 29.793 29.795 29.795 29.796 29.788 29.780 29.780 29.780 29.777 29.774 29.770 29.766 29.764 29.761 29.713 29.665 30.015 30.365 -99999 -99999 -99999 -99999 -99999 -99999 -99999 -99999 -99999 -99999 -99999 -99999 -99999 -99999 -99999 -99999 -99999 -99999 -99999 -99999 -99999 -99999 -99999 -99999 -99999 -99999 -99999 -99999 -99999 -99999 -99999 -99999 -99999 -99999 -99999 -99999 -99999 -99999 -99999 -99999 -99999
29.711 29.715 29.721 29.726 29.731 29.736 29.768 29.800 29.814 29.828 29.776 29.724 29.722 29.719 29.690 29.661 29.689 29.716 29.714 29.712 29.704 29.696 29.694 29.692 29.673 29.654 29.740 29.826 30.089 30.353 -99999 -99999 -99999 -99999 -99999 -99999 -99999 -99999 -99999 -99999 -99999 -99999 -99999 -99999 -99999 -99999 -99999 -99999 -99999 -99999 -99999 -99999 -99999 -99999 -99999 -99999 -99999 -99999 -99999 -99999 -99999 -99999 -99999 -99999 -99999 -99999 -99999 -99999 -99999 -99999 -99999
29.667 29.672 29.680 29.689 29.695 29.702 29.742 29.782 29.801 29.821 29.739 29.657 29.650 29.644 29.585 29.527 29.589 29.652 -99999 -99999 -99999 -99999 -99999 -99999 29.582 29.547 29.766 29.986 30.163 30.341 -99999 -99999 -99999 -99999 -99999 -99999 -99999 -99999 -99999 -99999 -99999 -99999 -99999 -99999 -99999 -99999 -99999 -99999 -99999 -99999 -99999 -99999 -99999 -99999 -99999 -99999 -99999 -99999 -99999 -99999 -99999 -99999 -99999 -99999 -99999 -99999 -99999 -99999 -99999 -99999 -99999
29.526 29.524 29.547 29.571 29.598 29.625 29.672 29.719 29.735 29.751 29.708 29.664 29.658 29.652 29.535 29.419 29.428 29.437 -99999 -99999 -99999 -99999 -99999 -99999 29.472 29.471 29.548 29.625 29.686 29.747 -99999 -99999 -99999 -99999 -99999 -99999 -99999 -99999 -99999 -99999 -99999 -99999 -99999 -99999 -99999 -99999 -99999 -99999 -99999 -99999 -99999 -99999 -99999 -99999 -99999 -99999 -99999 -99999 -99999 -99999 -99999 -99999 -99999 -99999 -99999 -99999 -99999 -99999 -99999 -99999 -99999
29.386 29.376 29.414 29.453 29.500 29.548 29.602 29.656 29.669 29.681 29.676 29.671 29.665 29.660 29.485 29.311 29.267 29.223 -99999 -99999 -99999 -99999 -99999 -99999 29.361 29.394 29.329 29.264 29.209 29.153 -99999 -99999 -99999 -99999 -99999 -99999 -99999 -99999 -99999 -99999 -99999 -99999 -99999 -99999 -99999 -99999 -99999 -99999 -99999 -99999 -99999 -99999 -99999 -99999 -99999 -99999 -99999 -99999 -99999 -99999 -99999 -99999 -99999 -99999 -99999 -99999 -99999 -99999 -99999 -99999 -99999
29.698 29.723 29.696 29.669 29.548 29.426 29.475 29.524 29.546 29.569 29.539 29.509 29.507 29.506 29.427 29.348 29.320 29.291 -99999 -99999 -99999 -99999 -99999 -99999 29.342 29.362 29.319 29.275 29.241 29.206 -99999 -99999 -99999 -99999 -99999 -99999 -99999 -99999 -99999 -99999 -99999 -99999 -99999 -99999 -99999 -99999 -99999 -99999 -99999 -99999 -99999 -99999 -99999 -99999 -99999 -99999 -99999 -99999 -99999 -99999 -99999 -99999 -99999 -99999 -99999 -99999 -99999 -99999 -99999 -99999 -99999
30.010 30.070 29.977 29.885 29.595 29.305 29.348 29.392 29.424 29.457 29.401 29.346 29.349 29.352 29.369 29.385 29.373 29.360 29.384 29.408 29.382 29.356 -99999 -99999 -99999 -99999 29.308 29.286 29.273 29.259 -99999 -99999 -99999 -99999 -99999 -99999 -99999 -99999 -99999 -99999 -99999 -99999 -99999 -99999 -99999 -99999 -99999 -99999 -99999 -99999 -99999 -99999 -99999 -99999 -99999 -99999 -99999 -99999 -99999 -99999 -99999 -99999 -99999 -99999 -99999 -99999 -99999 -99999 29.352 29.587 29.735
29.348 29.319 29.278 29.238 29.107 28.977 29.027 29.078 29.158 29.238 29.226 29.215 29.235 29.255 29.448 29.640 29.665 29.690 29.653 29.616 29.615 29.613 -99999 -99999 -99999 -99999 29.268 28.978 29.016 29.053 -99999 -99999 -99999 -99999 -99999 -99999 -99999 -99999 -99999 -99999 -99999 -99999 -99999 -99999 -99999 -99999 -99999 -99999 -99999 -99999 -99999 -99999 -99999 -99999 -99999 -99999 -99999 -99999 -99999 -99999 -99999 -99999 -99999 -99999 -99999 -99999 -99999 -99999 29.784 29.922 30.030
-99999 -99999 -99999 -99999 -99999 -99999 -99999 -99999 -99999 -99999 -99999 -99999 29.122 29.159 29.526 29.894 29.956 30.020 29.922 29.825 -99999 -99999 -99999 -99999 -99999 -99999 -99999 -99999 28.760 28.847 -99999 -99999 -99999 -99999 -99999 -99999 -99999 -99999 -99999 -99999 -99999 -99999 -99999 -99999 -99999 -99999 -99999 -99999 -99999 -99999 -99999 -99999 -99999 -99999 -99999 -99999 -99999 -99999 -99999 -99999 -99999 -99999 -99999 -99999 -99999 -99999 -99999 -99999 30.215 30.256 30.324
-99999 -99999 -99999 -99999 -99999 -99999 -99999 -99999 -99999 -99999 -99999 -99999 29.259 28.994 29.192 29.392 29.452 29.514 29.664 29.816 -99999 -99999 -99999 -99999 -99999 -99999 -99999 -99999 29.486 29.545 -99999 -99999 -99999 -99999 -99999 -99999 -99999 -99999 -99999 -99999 -99999 -99999 -99999 -99999 -99999 -99999 -99999 -99999 -99999 -99999 -99999 -99999 -99999 -99999 -99999 -99999 -99999 -99999 -99999 -99999 -99999 -99999 -99999 -99999 -99999 -99999 -99999 -99999 30.215 30.303 30.390
-99999 -99999 -99999 -99999 -99999 -99999 -99999 -99999 -99999 -99999 -99999 -99999 29.396 28.829 28.859 28.889 28.948 29.008 29.407 29.806 -99999 -99999 -99999 -99999 -99999 -99999 -99999 -99999 30.211 30.243 -99999 -99999 -99999 -99999 -99999 -99999 29.626 29.662 -99999 -99999 -99999 -99999 -99999 -99999 -99999 -99999 -99999 -99999 -99999 -99999 -99999 -99999 -99999 -99999 -99999 -99999 -99999 -99999 -99999 -99999 -99999 -99999 -99999 -99999 30.169 29.845 29.962 30.080 30.214 30.349 30.456
-99999 -99999 -99999 -99999 -99999 -99999 -99999 -99999 -99999 -99999 -99999 -99999 29.004 28.743 28.761 28.778 28.805 28.832 29.023 29.215 -99999 -99999 -99999 -99999 -99999 -99999 -99999 -99999 29.303 29.337 -99999 -99999 -99999 -99999 -99999 -99999 29.014 29.032 -99999 -99999 -99999 -99999 -99999 -99999 -99999 -99999 -99999 -99999 -99999 -99999 -99999 -99999 -99999 -99999 -99999 -99999 -99999 -99999 -99999 -99999 -99999 -99999 -99999 -99999 29.665 29.567 29.696 29.825 29.963 30.102 30.256
29.771 29.710 29.620 29.532 29.034 28.537 28.589 28.641 28.649 28.657 28.613 28.568 28.613 28.657 28.662 28.667 28.662 28.657 28.641 28.623 28.509 28.394 -99999 -99999 -99999 -99999 -99999 -99999 -99999 -99999 -99999 -99999 -99999 -99999 -99999 -99999 -99999 -99999 -99999 -99999 -99999 -99999 -99999 -99999 -99999 -99999 -99999 -99999 -99999 -99999 -99999 -99999 -99999 -99999 -99999 -99999 -99999 -99999 -99999 -99999 -99999 -99999 -99999 -99999 -99999 -99999 -99999 -99999 29.712 29.854 30.056
28.957 28.927 28.881 28.836 28.585 28.335 28.246 28.158 28.619 29.080 29.047 29.013 28.609 28.205 28.234 28.263 28.567 28.871 28.966 29.060 28.928 28.795 -99999 -99999 -99999 -99999 -99999 -99999 -99999 -99999 -99999 -99999 -99999 -99999 -99999 -99999 -99999 -99999 -99999 -99999 -99999 -99999 -99999 -99999 -99999 -99999 -99999 -99999 -99999 -99999 -99999 -99999 -99999 -99999 -99999 -99999 -99999 -99999 -99999 -99999 -99999 -99999 -99999 -99999 -99999 -99999 -99999 -99999 29.657 29.284 29.591
