230620T130225_230601T165519_230321_sos_CMIP6_ssp585_2071_2101_mean-0p5deg.txt
ncols 719
nrows 359
xllcorner 0.0
yllcorner -89.5
cellsize 0.5
NODATA_value -99999
[rows 128 to 159 of 359, columns 426 to 496 of 719]
35.015 35.012 35.010 35.005 35.001 34.993 34.987 34.979 34.971 34.962 34.953 34.942 34.931 34.919 34.906 34.891 34.876 34.858 34.840 34.820 34.800 34.778 34.755 34.730 34.705 34.677 34.649 34.618 34.586 34.550 34.514 34.471 34.429 34.382 34.335 34.284 34.233 34.176 34.119 34.060 34.001 33.939 33.877 33.813 33.748 33.682 33.616 33.553 33.490 33.430 33.370 33.325 33.280 33.256 33.232 33.237 33.241 33.279 33.317 33.384 33.451 33.532 33.614 33.697 33.779 33.863 33.947 34.003 34.058 -99999 -99999
34.975 34.973 34.971 34.968 34.964 34.959 34.953 34.947 34.941 34.934 34.926 34.918 34.909 34.899 34.888 34.875 34.862 34.847 34.831 34.813 34.796 34.776 34.756 34.734 34.712 34.687 34.662 34.633 34.604 34.571 34.537 34.498 34.460 34.417 34.374 34.326 34.278 34.224 34.170 34.113 34.056 33.996 33.935 33.873 33.810 33.746 33.682 33.620 33.559 33.500 33.441 33.395 33.350 33.324 33.299 33.299 33.300 33.330 33.361 33.417 33.473 33.544 33.616 33.689 33.762 33.849 33.935 34.010 34.085 -99999 -99999
34.936 34.934 34.933 34.930 34.928 34.924 34.920 34.916 34.911 34.906 34.900 34.893 34.887 34.878 34.870 34.859 34.849 34.835 34.822 34.806 34.791 34.774 34.757 34.738 34.719 34.697 34.675 34.648 34.622 34.591 34.561 34.526 34.491 34.451 34.412 34.367 34.323 34.271 34.220 34.166 34.111 34.052 33.994 33.933 33.872 33.810 33.748 33.688 33.628 33.570 33.512 33.466 33.420 33.393 33.366 33.362 33.358 33.382 33.405 33.450 33.495 33.556 33.617 33.681 33.746 33.834 33.922 34.017 34.111 -99999 -99999
34.874 34.873 34.873 34.871 34.870 34.868 34.865 34.862 34.860 34.856 34.852 34.847 34.842 34.836 34.829 34.821 34.813 34.802 34.791 34.778 34.766 34.751 34.736 34.719 34.703 34.684 34.664 34.641 34.618 34.590 34.563 34.532 34.501 34.466 34.430 34.389 34.348 34.302 34.256 34.205 34.155 34.100 34.045 33.988 33.931 33.873 33.816 33.759 33.703 33.648 33.593 33.550 33.505 33.478 33.449 33.441 33.432 33.448 33.463 33.500 33.536 33.590 33.643 33.700 33.757 33.840 33.923 34.015 34.108 -99999 -99999
34.812 34.812 34.813 34.813 34.812 34.811 34.810 34.809 34.808 34.806 34.804 34.801 34.797 34.793 34.789 34.783 34.777 34.768 34.760 34.750 34.740 34.728 34.715 34.701 34.687 34.670 34.654 34.633 34.613 34.589 34.566 34.539 34.511 34.480 34.449 34.411 34.374 34.333 34.291 34.245 34.198 34.147 34.096 34.043 33.990 33.937 33.884 33.831 33.777 33.726 33.675 33.633 33.591 33.562 33.533 33.520 33.506 33.514 33.522 33.550 33.578 33.623 33.668 33.719 33.769 33.846 33.923 34.013 34.104 34.195 34.286
34.736 34.737 34.738 34.739 34.740 34.739 34.739 34.739 34.739 34.738 34.737 34.735 34.733 34.730 34.728 34.723 34.719 34.713 34.706 34.699 34.692 34.682 34.672 34.660 34.649 34.635 34.622 34.604 34.587 34.566 34.546 34.522 34.499 34.471 34.443 34.411 34.378 34.341 34.305 34.264 34.223 34.178 34.132 34.085 34.037 33.990 33.942 33.895 33.848 33.802 33.756 33.718 33.679 33.651 33.622 33.607 33.591 33.593 33.595 33.615 33.635 33.672 33.710 33.755 33.800 33.866 33.931 34.011 34.092 34.170 34.249
34.660 34.662 34.664 34.665 34.667 34.667 34.668 34.669 34.670 34.670 34.670 34.669 34.669 34.668 34.667 34.664 34.661 34.657 34.653 34.648 34.643 34.635 34.628 34.619 34.610 34.599 34.589 34.575 34.560 34.543 34.526 34.506 34.486 34.462 34.438 34.410 34.381 34.350 34.318 34.283 34.248 34.208 34.168 34.126 34.085 34.043 34.001 33.960 33.919 33.878 33.838 33.803 33.767 33.740 33.712 33.694 33.676 33.672 33.668 33.680 33.692 33.721 33.751 33.791 33.831 33.885 33.939 34.010 34.080 34.146 34.212
34.578 34.580 34.582 34.584 34.585 34.586 34.587 34.588 34.589 34.590 34.591 34.590 34.590 34.590 34.590 34.588 34.586 34.583 34.580 34.577 34.573 34.568 34.562 34.556 34.549 34.541 34.534 34.522 34.511 34.498 34.484 34.468 34.451 34.431 34.411 34.387 34.363 34.336 34.310 34.280 34.251 34.216 34.182 34.147 34.112 34.076 34.041 34.006 33.971 33.937 33.903 33.873 33.843 33.818 33.793 33.775 33.758 33.751 33.745 33.751 33.758 33.780 33.802 33.833 33.865 33.907 33.949 34.005 34.062 34.117 34.173
34.497 34.499 34.500 34.502 34.504 34.505 34.507 34.508 34.509 34.510 34.511 34.511 34.512 34.512 34.513 34.511 34.510 34.509 34.508 34.506 34.504 34.500 34.497 34.492 34.488 34.483 34.478 34.470 34.462 34.452 34.442 34.429 34.416 34.400 34.384 34.364 34.345 34.323 34.301 34.277 34.253 34.224 34.196 34.167 34.139 34.110 34.081 34.052 34.023 33.996 33.968 33.944 33.919 33.897 33.874 33.857 33.840 33.831 33.822 33.823 33.824 33.838 33.853 33.876 33.899 33.929 33.959 34.001 34.044 34.089 34.135
34.415 34.416 34.418 34.419 34.420 34.421 34.422 34.423 34.424 34.424 34.425 34.426 34.426 34.426 34.426 34.426 34.425 34.424 34.423 34.422 34.420 34.417 34.415 34.412 34.409 34.406 34.403 34.397 34.392 34.384 34.377 34.367 34.357 34.344 34.332 34.316 34.301 34.283 34.266 34.247 34.228 34.205 34.182 34.159 34.136 34.112 34.089 34.065 34.041 34.020 33.999 33.979 33.960 33.941 33.923 33.908 33.894 33.886 33.878 33.878 33.877 33.887 33.897 33.913 33.930 33.952 33.974 34.008 34.041 34.078 34.116
34.334 34.334 34.335 34.335 34.336 34.337 34.338 34.338 34.338 34.339 34.340 34.340 34.340 34.340 34.340 34.340 34.340 34.339 34.338 34.337 34.337 34.335 34.333 34.332 34.330 34.328 34.327 34.324 34.321 34.316 34.311 34.304 34.298 34.289 34.280 34.268 34.257 34.244 34.231 34.217 34.202 34.185 34.168 34.150 34.133 34.115 34.097 34.079 34.060 34.044 34.029 34.015 34.000 33.986 33.971 33.960 33.948 33.942 33.935 33.932 33.930 33.935 33.941 33.951 33.961 33.976 33.990 34.014 34.039 34.068 34.097
34.257 34.257 34.257 34.257 34.257 34.257 34.257 34.257 34.257 34.257 34.257 34.256 34.256 34.255 34.255 34.254 34.253 34.252 34.251 34.250 34.249 34.248 34.247 34.245 34.244 34.243 34.242 34.239 34.237 34.234 34.231 34.226 34.221 34.214 34.208 34.199 34.191 34.181 34.172 34.161 34.150 34.137 34.124 34.110 34.097 34.084 34.071 34.056 34.042 34.030 34.019 34.008 33.998 33.987 33.976 33.969 33.961 33.957 33.953 33.952 33.950 33.955 33.960 33.968 33.976 33.986 33.996 34.015 34.033 34.058 34.082
34.180 34.179 34.179 34.178 34.178 34.177 34.177 34.176 34.176 34.175 34.174 34.172 34.171 34.170 34.169 34.168 34.167 34.166 34.164 34.163 34.162 34.161 34.160 34.159 34.159 34.157 34.156 34.155 34.154 34.152 34.150 34.147 34.144 34.140 34.136 34.130 34.125 34.118 34.112 34.105 34.097 34.088 34.080 34.070 34.061 34.052 34.044 34.034 34.024 34.016 34.009 34.002 33.995 33.988 33.982 33.978 33.974 33.973 33.971 33.971 33.971 33.975 33.979 33.985 33.991 33.996 34.002 34.015 34.028 34.048 34.067
34.111 34.110 34.109 34.108 34.107 34.106 34.105 34.104 34.103 34.101 34.099 34.097 34.095 34.093 34.092 34.090 34.088 34.086 34.084 34.082 34.080 34.079 34.078 34.076 34.075 34.074 34.072 34.071 34.070 34.068 34.067 34.065 34.063 34.060 34.057 34.053 34.049 34.044 34.040 34.035 34.030 34.023 34.017 34.010 34.004 33.998 33.992 33.985 33.978 33.973 33.969 33.964 33.960 33.956 33.952 33.950 33.949 33.949 33.950 33.950 33.951 33.956 33.960 33.966 33.971 33.976 33.981 33.992 34.004 34.022 34.040
34.043 34.041 34.040 34.038 34.037 34.035 34.034 34.032 34.030 34.028 34.025 34.022 34.019 34.016 34.014 34.011 34.009 34.006 34.003 34.001 33.999 33.997 33.996 33.994 33.992 33.990 33.988 33.987 33.986 33.985 33.984 33.983 33.982 33.980 33.978 33.976 33.973 33.970 33.968 33.965 33.962 33.958 33.954 33.950 33.946 33.943 33.940 33.936 33.932 33.930 33.928 33.926 33.925 33.923 33.922 33.922 33.923 33.925 33.928 33.930 33.932 33.936 33.941 33.946 33.952 33.955 33.959 33.969 33.979 33.996 34.013
33.985 33.983 33.981 33.979 33.977 33.975 33.973 33.970 33.968 33.965 33.962 33.958 33.955 33.951 33.948 33.945 33.942 33.938 33.935 33.932 33.929 33.926 33.924 33.922 33.919 33.917 33.915 33.913 33.912 33.910 33.909 33.908 33.906 33.904 33.903 33.901 33.899 33.897 33.895 33.893 33.891 33.888 33.886 33.883 33.880 33.878 33.877 33.874 33.872 33.872 33.871 33.871 33.870 33.870 33.870 33.872 33.873 33.876 33.879 33.881 33.884 33.888 33.893 33.899 33.905 33.910 33.915 33.925 33.936 33.951 33.967
33.927 33.925 33.922 33.920 33.917 33.915 33.912 33.909 33.906 33.902 33.899 33.895 33.891 33.887 33.883 33.879 33.875 33.870 33.866 33.862 33.859 33.856 33.853 33.850 33.847 33.844 33.842 33.840 33.838 33.836 33.834 33.833 33.831 33.829 33.828 33.826 33.825 33.824 33.822 33.821 33.820 33.818 33.817 33.816 33.814 33.814 33.814 33.813 33.813 33.813 33.814 33.815 33.816 33.818 33.819 33.821 33.824 33.827 33.830 33.833 33.836 33.840 33.845 33.851 33.858 33.864 33.871 33.881 33.892 33.907 33.922
33.880 33.878 33.875 33.872 33.869 33.866 33.863 33.859 33.856 33.852 33.848 33.843 33.839 33.834 33.829 33.825 33.821 33.816 33.811 33.807 33.803 33.799 33.795 33.792 33.788 33.785 33.782 33.780 33.777 33.774 33.772 33.770 33.768 33.766 33.764 33.763 33.761 33.760 33.758 33.757 33.756 33.755 33.753 33.752 33.752 33.751 33.751 33.751 33.752 33.753 33.754 33.755 33.757 33.759 33.761 33.763 33.766 33.769 33.772 33.775 33.778 33.783 33.787 33.794 33.800 33.807 33.814 33.824 33.834 33.847 33.860
33.834 33.830 33.827 33.824 33.821 33.817 33.814 33.809 33.805 33.801 33.797 33.792 33.787 33.781 33.776 33.771 33.767 33.761 33.756 33.751 33.747 33.742 33.738 33.734 33.730 33.726 33.723 33.720 33.716 33.713 33.710 33.707 33.705 33.703 33.701 33.699 33.697 33.695 33.694 33.693 33.692 33.691 33.690 33.689 33.689 33.689 33.689 33.690 33.691 33.692 33.694 33.696 33.698 33.700 33.702 33.705 33.707 33.710 33.714 33.717 33.720 33.725 33.730 33.736 33.742 33.749 33.757 33.766 33.776 33.787 33.799
33.799 33.796 33.792 33.788 33.784 33.780 33.776 33.772 33.767 33.762 33.758 33.753 33.747 33.742 33.736 33.731 33.726 33.720 33.715 33.710 33.705 33.700 33.695 33.690 33.685 33.681 33.677 33.673 33.669 33.666 33.662 33.659 33.655 33.653 33.650 33.648 33.646 33.644 33.642 33.641 33.639 33.638 33.637 33.637 33.636 33.636 33.636 33.636 33.636 33.638 33.639 33.641 33.643 33.646 33.648 33.651 33.653 33.656 33.660 33.663 33.667 33.672 33.676 33.683 33.690 33.697 33.705 33.713 33.722 33.732 33.743
33.765 33.761 33.756 33.752 33.748 33.743 33.739 33.734 33.729 33.724 33.719 33.714 33.708 33.702 33.697 33.691 33.685 33.679 33.673 33.668 33.662 33.657 33.651 33.646 33.641 33.636 33.631 33.627 33.623 33.618 33.614 33.610 33.606 33.603 33.600 33.598 33.595 33.593 33.591 33.589 33.587 33.586 33.585 33.584 33.583 33.583 33.582 33.582 33.582 33.583 33.584 33.586 33.589 33.591 33.594 33.596 33.599 33.602 33.606 33.610 33.614 33.618 33.623 33.630 33.637 33.645 33.653 33.660 33.668 33.677 33.687
33.740 33.735 33.730 33.726 33.721 33.716 33.711 33.706 33.700 33.695 33.690 33.684 33.678 33.672 33.666 33.660 33.654 33.648 33.642 33.636 33.630 33.624 33.618 33.612 33.606 33.601 33.596 33.591 33.586 33.581 33.576 33.572 33.567 33.564 33.560 33.557 33.554 33.551 33.549 33.547 33.545 33.544 33.542 33.541 33.540 33.539 33.539 33.539 33.539 33.540 33.541 33.543 33.545 33.548 33.551 33.554 33.557 33.561 33.565 33.569 33.574 33.579 33.584 33.591 33.599 33.606 33.614 33.622 33.629 33.638 33.647
33.715 33.709 33.704 33.699 33.694 33.689 33.683 33.677 33.672 33.666 33.660 33.654 33.648 33.642 33.636 33.629 33.623 33.616 33.610 33.603 33.597 33.591 33.584 33.578 33.572 33.566 33.560 33.555 33.549 33.544 33.539 33.534 33.529 33.524 33.520 33.516 33.513 33.510 33.507 33.505 33.503 33.501 33.499 33.498 33.497 33.496 33.495 33.495 33.496 33.496 33.497 33.499 33.502 33.505 33.508 33.511 33.515 33.520 33.524 33.529 33.534 33.540 33.546 33.553 33.560 33.568 33.576 33.583 33.591 33.599 33.607
33.696 33.691 33.685 33.680 33.675 33.669 33.664 33.658 33.652 33.646 33.640 33.633 33.627 33.620 33.614 33.607 33.601 33.594 33.587 33.580 33.573 33.567 33.560 33.553 33.547 33.540 33.534 33.528 33.522 33.516 33.510 33.504 33.499 33.494 33.489 33.485 33.481 33.477 33.474 33.472 33.469 33.467 33.466 33.464 33.463 33.462 33.461 33.461 33.461 33.462 33.464 33.466 33.469 33.472 33.475 33.479 33.483 33.488 33.493 33.499 33.505 33.511 33.518 33.525 33.533 33.541 33.549 33.557 33.564 33.573 33.581
33.677 33.672 33.667 33.661 33.656 33.650 33.644 33.638 33.632 33.625 33.619 33.612 33.605 33.599 33.592 33.585 33.578 33.571 33.564 33.557 33.550 33.543 33.536 33.529 33.521 33.514 33.508 33.501 33.495 33.488 33.481 33.475 33.469 33.464 33.458 33.453 33.449 33.445 33.441 33.438 33.435 33.434 33.432 33.431 33.429 33.428 33.427 33.427 33.427 33.429 33.430 33.433 33.436 33.439 33.442 33.447 33.451 33.457 33.462 33.469 33.475 33.483 33.490 33.498 33.506 33.514 33.522 33.530 33.538 33.546 33.555
33.663 33.657 33.652 33.647 33.641 33.636 33.630 33.623 33.617 33.611 33.604 33.597 33.590 33.583 33.576 33.569 33.562 33.555 33.548 33.540 33.533 33.526 33.519 33.511 33.504 33.496 33.489 33.482 33.476 33.468 33.461 33.454 33.448 33.441 33.435 33.430 33.425 33.420 33.416 33.413 33.409 33.407 33.405 33.403 33.402 33.401 33.399 33.399 33.399 33.400 33.401 33.403 33.406 33.409 33.413 33.417 33.422 33.428 33.433 33.440 33.447 33.455 33.462 33.470 33.478 33.486 33.494 33.503 33.511 33.520 33.528
33.648 33.643 33.638 33.632 33.627 33.621 33.616 33.609 33.602 33.596 33.590 33.582 33.575 33.568 33.560 33.553 33.546 33.539 33.532 33.524 33.516 33.509 33.501 33.494 33.486 33.478 33.471 33.464 33.456 33.449 33.441 33.433 33.426 33.419 33.413 33.407 33.401 33.396 33.391 33.387 33.383 33.380 33.378 33.376 33.374 33.373 33.372 33.371 33.370 33.371 33.372 33.374 33.377 33.380 33.383 33.388 33.393 33.398 33.404 33.411 33.418 33.426 33.434 33.442 33.450 33.458 33.467 33.475 33.484 33.493 33.501
33.637 33.632 33.626 33.621 33.616 33.610 33.605 33.598 33.591 33.585 33.579 33.572 33.565 33.557 33.550 33.542 33.535 33.528 33.521 33.513 33.505 33.497 33.489 33.481 33.473 33.465 33.457 33.450 33.442 33.434 33.426 33.418 33.411 33.404 33.397 33.390 33.384 33.379 33.373 33.369 33.364 33.360 33.357 33.354 33.352 33.350 33.348 33.347 33.346 33.346 33.346 33.348 33.350 33.352 33.355 33.359 33.364 33.369 33.374 33.381 33.388 33.395 33.403 33.411 33.418 33.426 33.434 33.443 33.451 33.460 33.468
33.626 33.621 33.615 33.610 33.604 33.599 33.594 33.587 33.580 33.574 33.568 33.561 33.555 33.547 33.539 33.531 33.524 33.517 33.509 33.501 33.493 33.485 33.477 33.468 33.460 33.452 33.444 33.436 33.428 33.420 33.412 33.404 33.396 33.389 33.381 33.374 33.367 33.361 33.355 33.350 33.345 33.340 33.336 33.333 33.330 33.327 33.325 33.323 33.321 33.321 33.320 33.321 33.323 33.324 33.326 33.331 33.335 33.339 33.344 33.351 33.357 33.364 33.372 33.379 33.387 33.394 33.402 33.410 33.418 33.427 33.435
33.617 33.612 33.606 33.600 33.594 33.589 33.583 33.577 33.570 33.564 33.558 33.551 33.545 33.537 33.529 33.521 33.514 33.506 33.499 33.490 33.482 33.474 33.465 33.457 33.448 33.440 33.431 33.423 33.415 33.406 33.398 33.390 33.381 33.374 33.367 33.359 33.351 33.345 33.338 33.333 33.327 33.321 33.316 33.312 33.308 33.305 33.302 33.299 33.296 33.296 33.295 33.295 33.295 33.296 33.297 33.300 33.303 33.307 33.311 33.316 33.322 33.329 33.335 33.342 33.348 33.356 33.363 33.371 33.378 33.386 33.394
33.608 33.603 33.597 33.591 33.584 33.579 33.573 33.566 33.560 33.553 33.547 33.541 33.534 33.527 33.519 33.511 33.504 33.496 33.488 33.480 33.471 33.463 33.454 33.445 33.437 33.427 33.418 33.410 33.401 33.393 33.384 33.375 33.367 33.360 33.352 33.344 33.335 33.328 33.322 33.315 33.309 33.303 33.296 33.292 33.287 33.283 33.279 33.275 33.272 33.270 33.269 33.268 33.268 33.267 33.267 33.270 33.272 33.275 33.278 33.282 33.287 33.293 33.298 33.304 33.310 33.317 33.324 33.331 33.338 33.345 33.352
33.615 33.609 33.603 33.597 33.590 33.584 33.578 33.572 33.565 33.558 33.552 33.545 33.538 33.531 33.523 33.515 33.507 33.500 33.492 33.483 33.475 33.466 33.457 33.448 33.438 33.429 33.419 33.410 33.402 33.393 33.384 33.375 33.367 33.359 33.351 33.342 33.332 33.325 33.317 33.310 33.303 33.295 33.288 33.283 33.277 33.272 33.267 33.263 33.258 33.256 33.254 33.252 33.250 33.249 33.247 33.249 33.250 33.252 33.254 33.257 33.261 33.265 33.270 33.275 33.280 33.285 33.291 33.297 33.304 33.310 33.316
