230620T130225_230601T165519_230321_sos_CMIP6_ssp585_2071_2101_mean-0p5deg.txt
ncols 719
nrows 359
xllcorner 0.0
yllcorner -89.5
cellsize 0.5
NODATA_value -99999
[rows 224 to 255 of 359, columns 355 to 425 of 719]
34.646 34.650 34.656 34.662 34.670 34.679 34.687 34.695 34.702 34.710 34.718 34.727 34.736 34.746 34.752 34.759 34.765 34.772 34.780 34.788 34.797 34.807 34.818 34.829 34.841 34.853 34.865 34.877 34.890 34.903 34.916 34.929 34.942 34.955 34.969 34.982 34.997 35.012 35.026 35.040 35.055 35.070 35.086 35.101 35.117 35.132 35.147 35.163 35.178 35.193 35.208 35.223 35.239 35.256 35.271 35.287 35.303 35.319 35.335 35.351 35.367 35.383 35.399 35.415 35.430 35.446 35.462 35.477 35.493 35.509 35.526
34.706 34.710 34.715 34.720 34.727 34.734 34.741 34.748 34.755 34.762 34.769 34.778 34.786 34.794 34.800 34.807 34.813 34.819 34.826 34.833 34.842 34.850 34.860 34.870 34.881 34.893 34.904 34.915 34.927 34.940 34.951 34.964 34.976 34.988 35.001 35.014 35.027 35.041 35.054 35.068 35.081 35.095 35.110 35.124 35.139 35.153 35.167 35.181 35.195 35.210 35.224 35.238 35.253 35.268 35.282 35.297 35.312 35.327 35.342 35.357 35.372 35.387 35.403 35.418 35.433 35.448 35.462 35.477 35.493 35.508 35.523
34.766 34.770 34.774 34.778 34.784 34.790 34.796 34.801 34.807 34.813 34.821 34.828 34.835 34.842 34.848 34.855 34.860 34.865 34.872 34.878 34.886 34.894 34.903 34.912 34.922 34.932 34.943 34.954 34.965 34.976 34.987 34.998 35.009 35.021 35.033 35.045 35.058 35.071 35.083 35.095 35.108 35.120 35.134 35.148 35.161 35.174 35.187 35.200 35.213 35.226 35.239 35.252 35.266 35.280 35.293 35.307 35.321 35.335 35.349 35.363 35.378 35.392 35.406 35.421 35.435 35.449 35.463 35.477 35.492 35.506 35.521
34.828 34.830 34.833 34.836 34.841 34.846 34.851 34.856 34.861 34.866 34.873 34.880 34.886 34.892 34.898 34.903 34.907 34.912 34.917 34.923 34.930 34.937 34.945 34.953 34.962 34.971 34.980 34.989 35.000 35.010 35.020 35.030 35.040 35.051 35.062 35.073 35.085 35.096 35.108 35.119 35.131 35.142 35.155 35.167 35.179 35.191 35.203 35.215 35.227 35.239 35.251 35.263 35.276 35.288 35.301 35.313 35.326 35.338 35.352 35.365 35.378 35.391 35.405 35.418 35.432 35.445 35.458 35.471 35.485 35.498 35.512
34.889 34.891 34.893 34.895 34.898 34.902 34.906 34.910 34.914 34.919 34.925 34.932 34.937 34.943 34.947 34.952 34.955 34.958 34.963 34.968 34.974 34.979 34.986 34.993 35.001 35.009 35.017 35.025 35.034 35.044 35.052 35.061 35.071 35.080 35.091 35.101 35.112 35.122 35.132 35.143 35.154 35.164 35.175 35.186 35.197 35.208 35.219 35.230 35.241 35.253 35.263 35.274 35.285 35.297 35.308 35.319 35.331 35.342 35.355 35.367 35.379 35.391 35.404 35.416 35.428 35.441 35.453 35.465 35.478 35.490 35.503
34.953 34.954 34.955 34.956 34.959 34.962 34.965 34.968 34.971 34.975 34.981 34.986 34.991 34.995 34.998 35.002 35.004 35.007 35.011 35.014 35.019 35.024 35.030 35.036 35.042 35.049 35.056 35.063 35.071 35.079 35.086 35.094 35.102 35.111 35.120 35.129 35.138 35.147 35.156 35.166 35.175 35.185 35.195 35.204 35.214 35.224 35.234 35.243 35.254 35.264 35.274 35.283 35.293 35.304 35.314 35.324 35.334 35.345 35.355 35.366 35.377 35.388 35.400 35.411 35.422 35.433 35.444 35.456 35.467 35.478 35.489
35.016 35.017 35.017 35.018 35.020 35.022 35.024 35.026 35.029 35.031 35.036 35.041 35.044 35.048 35.050 35.052 35.054 35.056 35.058 35.061 35.065 35.069 35.073 35.078 35.083 35.089 35.094 35.100 35.107 35.114 35.120 35.127 35.134 35.141 35.148 35.156 35.164 35.172 35.180 35.188 35.197 35.206 35.214 35.223 35.231 35.240 35.248 35.257 35.266 35.276 35.284 35.292 35.301 35.311 35.320 35.329 35.338 35.347 35.356 35.366 35.376 35.385 35.396 35.406 35.416 35.426 35.436 35.446 35.456 35.466 35.476
35.082 35.081 35.081 35.081 35.083 35.086 35.087 35.089 35.091 35.093 35.096 35.099 35.102 35.105 35.106 35.107 35.108 35.109 35.111 35.113 35.115 35.118 35.121 35.125 35.129 35.133 35.138 35.142 35.148 35.153 35.158 35.164 35.170 35.176 35.182 35.188 35.195 35.202 35.208 35.215 35.223 35.230 35.238 35.245 35.252 35.259 35.267 35.274 35.282 35.290 35.298 35.305 35.313 35.320 35.329 35.337 35.344 35.352 35.360 35.369 35.377 35.386 35.395 35.403 35.412 35.421 35.430 35.439 35.447 35.456 35.464
35.147 35.146 35.145 35.145 35.147 35.149 35.151 35.152 35.153 35.154 35.156 35.158 35.160 35.162 35.162 35.162 35.162 35.162 35.163 35.164 35.166 35.167 35.170 35.172 35.175 35.178 35.181 35.185 35.189 35.193 35.197 35.201 35.206 35.210 35.215 35.221 35.226 35.231 35.237 35.242 35.249 35.255 35.261 35.267 35.273 35.279 35.285 35.292 35.298 35.305 35.311 35.317 35.324 35.330 35.337 35.344 35.351 35.357 35.364 35.371 35.379 35.386 35.394 35.401 35.409 35.416 35.424 35.431 35.438 35.446 35.453
35.210 35.208 35.208 35.208 35.209 35.212 35.213 35.215 35.216 35.216 35.217 35.219 35.219 35.220 35.219 35.218 35.217 35.217 35.217 35.218 35.219 35.220 35.221 35.223 35.224 35.226 35.229 35.231 35.234 35.237 35.240 35.242 35.246 35.249 35.253 35.257 35.261 35.266 35.270 35.274 35.279 35.284 35.288 35.293 35.298 35.303 35.308 35.313 35.318 35.324 35.329 35.334 35.339 35.344 35.350 35.356 35.361 35.366 35.372 35.378 35.384 35.390 35.396 35.402 35.408 35.415 35.421 35.427 35.433 35.439 35.444
35.273 35.271 35.270 35.270 35.272 35.274 35.276 35.278 35.278 35.279 35.279 35.279 35.279 35.278 35.276 35.274 35.273 35.272 35.272 35.272 35.272 35.272 35.272 35.273 35.274 35.275 35.276 35.277 35.279 35.281 35.282 35.284 35.286 35.288 35.291 35.294 35.297 35.300 35.303 35.306 35.309 35.313 35.316 35.319 35.323 35.326 35.330 35.334 35.338 35.342 35.346 35.351 35.354 35.358 35.363 35.367 35.371 35.375 35.379 35.384 35.389 35.394 35.398 35.403 35.408 35.413 35.418 35.423 35.427 35.432 35.436
35.327 35.325 35.324 35.323 35.324 35.326 35.328 35.331 35.332 35.333 35.333 35.333 35.332 35.331 35.328 35.326 35.324 35.323 35.323 35.322 35.322 35.322 35.321 35.321 35.321 35.321 35.322 35.322 35.322 35.323 35.324 35.325 35.326 35.327 35.328 35.330 35.332 35.334 35.336 35.338 35.340 35.342 35.344 35.346 35.349 35.351 35.353 35.356 35.359 35.361 35.364 35.367 35.370 35.373 35.375 35.378 35.381 35.384 35.387 35.390 35.394 35.397 35.401 35.404 35.408 35.412 35.415 35.418 35.421 35.424 35.427
35.381 35.378 35.377 35.376 35.377 35.379 35.381 35.383 35.385 35.387 35.387 35.387 35.385 35.384 35.381 35.378 35.376 35.375 35.374 35.373 35.372 35.371 35.370 35.369 35.369 35.368 35.367 35.367 35.366 35.366 35.366 35.366 35.366 35.366 35.366 35.366 35.367 35.368 35.369 35.370 35.371 35.372 35.372 35.373 35.374 35.376 35.377 35.378 35.379 35.381 35.382 35.384 35.385 35.387 35.388 35.390 35.391 35.393 35.395 35.397 35.399 35.401 35.403 35.405 35.408 35.410 35.412 35.414 35.415 35.416 35.418
35.418 35.416 35.414 35.413 35.414 35.416 35.418 35.420 35.422 35.424 35.425 35.425 35.424 35.422 35.420 35.417 35.416 35.415 35.414 35.413 35.412 35.411 35.410 35.408 35.407 35.406 35.404 35.403 35.402 35.401 35.400 35.400 35.399 35.398 35.397 35.397 35.397 35.397 35.397 35.397 35.396 35.396 35.396 35.396 35.396 35.396 35.396 35.396 35.396 35.396 35.396 35.397 35.397 35.397 35.397 35.398 35.398 35.398 35.399 35.400 35.400 35.401 35.401 35.402 35.403 35.404 35.404 35.405 35.405 35.404 35.405
35.455 35.453 35.451 35.450 35.452 35.453 35.455 35.457 35.459 35.461 35.462 35.463 35.462 35.461 35.459 35.457 35.456 35.455 35.454 35.453 35.452 35.451 35.449 35.447 35.445 35.444 35.442 35.440 35.438 35.437 35.435 35.433 35.432 35.430 35.429 35.427 35.427 35.426 35.425 35.423 35.422 35.421 35.419 35.418 35.417 35.416 35.415 35.413 35.412 35.411 35.411 35.410 35.409 35.407 35.406 35.406 35.405 35.404 35.403 35.402 35.401 35.400 35.400 35.399 35.398 35.398 35.397 35.395 35.394 35.393 35.391
35.472 35.469 35.468 35.467 35.468 35.469 35.471 35.473 35.475 35.477 35.479 35.480 35.480 35.480 35.478 35.477 35.477 35.476 35.475 35.474 35.473 35.472 35.470 35.468 35.466 35.464 35.462 35.460 35.458 35.456 35.454 35.452 35.450 35.448 35.446 35.444 35.442 35.441 35.439 35.437 35.434 35.432 35.430 35.427 35.426 35.424 35.421 35.419 35.417 35.415 35.413 35.411 35.408 35.406 35.404 35.401 35.399 35.398 35.395 35.393 35.391 35.388 35.387 35.385 35.383 35.380 35.378 35.375 35.373 35.370 35.368
35.488 35.486 35.485 35.484 35.485 35.486 35.487 35.488 35.490 35.493 35.495 35.497 35.498 35.498 35.498 35.498 35.497 35.497 35.496 35.496 35.495 35.494 35.492 35.490 35.488 35.485 35.483 35.481 35.478 35.476 35.473 35.471 35.468 35.466 35.463 35.460 35.458 35.456 35.453 35.450 35.447 35.443 35.440 35.437 35.434 35.431 35.428 35.424 35.421 35.418 35.415 35.412 35.408 35.404 35.401 35.397 35.394 35.391 35.388 35.384 35.381 35.377 35.374 35.370 35.367 35.363 35.359 35.355 35.352 35.348 35.345
35.484 35.482 35.482 35.481 35.481 35.482 35.483 35.484 35.487 35.489 35.492 35.494 35.495 35.496 35.496 35.497 35.497 35.497 35.496 35.496 35.495 35.494 35.492 35.490 35.487 35.485 35.482 35.479 35.476 35.473 35.471 35.468 35.465 35.461 35.458 35.455 35.452 35.449 35.445 35.442 35.438 35.434 35.430 35.426 35.422 35.418 35.414 35.409 35.405 35.402 35.397 35.393 35.388 35.383 35.379 35.375 35.370 35.366 35.362 35.357 35.352 35.347 35.343 35.339 35.334 35.329 35.324 35.319 35.314 35.309 35.305
35.480 35.479 35.478 35.477 35.478 35.478 35.479 35.481 35.483 35.486 35.488 35.491 35.492 35.494 35.495 35.496 35.496 35.497 35.496 35.496 35.495 35.494 35.492 35.490 35.487 35.484 35.481 35.478 35.474 35.471 35.468 35.464 35.461 35.457 35.454 35.450 35.446 35.442 35.438 35.434 35.429 35.425 35.420 35.415 35.410 35.405 35.399 35.394 35.389 35.385 35.379 35.374 35.368 35.363 35.357 35.352 35.347 35.341 35.336 35.330 35.324 35.318 35.312 35.307 35.301 35.295 35.289 35.282 35.276 35.271 35.265
35.464 35.463 35.462 35.461 35.461 35.460 35.462 35.463 35.465 35.467 35.469 35.472 35.473 35.475 35.476 35.477 35.477 35.477 35.477 35.476 35.475 35.474 35.472 35.470 35.467 35.463 35.460 35.456 35.452 35.448 35.444 35.440 35.436 35.432 35.427 35.423 35.418 35.413 35.408 35.403 35.398 35.393 35.387 35.382 35.376 35.370 35.364 35.358 35.353 35.347 35.341 35.335 35.329 35.322 35.316 35.310 35.303 35.297 35.290 35.284 35.277 35.270 35.263 35.256 35.249 35.242 35.235 35.229 35.222 35.216 35.210
35.448 35.447 35.446 35.444 35.444 35.443 35.444 35.445 35.447 35.448 35.451 35.453 35.455 35.457 35.458 35.459 35.458 35.458 35.457 35.457 35.455 35.454 35.452 35.450 35.446 35.443 35.438 35.434 35.430 35.425 35.421 35.416 35.411 35.407 35.401 35.396 35.391 35.385 35.379 35.373 35.367 35.361 35.355 35.348 35.342 35.335 35.329 35.322 35.316 35.310 35.303 35.296 35.289 35.282 35.275 35.267 35.260 35.252 35.245 35.237 35.229 35.221 35.213 35.205 35.197 35.189 35.182 35.175 35.168 35.161 35.155
35.429 35.427 35.425 35.423 35.421 35.420 35.420 35.420 35.421 35.421 35.423 35.425 35.426 35.428 35.428 35.429 35.428 35.427 35.426 35.425 35.423 35.421 35.418 35.415 35.411 35.407 35.402 35.397 35.392 35.387 35.382 35.376 35.371 35.365 35.358 35.352 35.346 35.339 35.332 35.325 35.318 35.311 35.304 35.296 35.289 35.282 35.275 35.268 35.261 35.254 35.247 35.239 35.231 35.224 35.216 35.207 35.199 35.191 35.183 35.175 35.166 35.158 35.149 35.140 35.132 35.124 35.116 35.108 35.101 35.093 35.086
35.410 35.408 35.404 35.401 35.399 35.397 35.396 35.394 35.395 35.394 35.396 35.397 35.398 35.399 35.399 35.399 35.398 35.397 35.395 35.393 35.391 35.388 35.384 35.380 35.376 35.371 35.366 35.360 35.355 35.349 35.343 35.336 35.330 35.323 35.316 35.308 35.301 35.293 35.285 35.277 35.269 35.261 35.253 35.244 35.237 35.229 35.221 35.214 35.206 35.199 35.190 35.182 35.174 35.165 35.156 35.147 35.139 35.130 35.121 35.113 35.104 35.094 35.085 35.075 35.067 35.058 35.050 35.042 35.034 35.026 35.018
35.392 35.390 35.386 35.381 35.377 35.373 35.370 35.367 35.366 35.365 35.365 35.366 35.366 35.365 35.364 35.363 35.361 35.359 35.357 35.354 35.351 35.347 35.343 35.338 35.332 35.327 35.320 35.314 35.307 35.301 35.293 35.286 35.278 35.270 35.262 35.254 35.245 35.237 35.228 35.219 35.210 35.200 35.191 35.182 35.174 35.166 35.157 35.149 35.141 35.133 35.124 35.115 35.106 35.097 35.088 35.079 35.070 35.060 35.052 35.042 35.033 35.024 35.014 35.005 34.996 34.987 34.979 34.971 34.963 34.954 34.946
35.374 35.373 35.368 35.362 35.356 35.350 35.344 35.339 35.337 35.335 35.335 35.335 35.333 35.332 35.330 35.328 35.325 35.322 35.319 35.315 35.311 35.306 35.301 35.295 35.289 35.282 35.275 35.268 35.260 35.252 35.244 35.236 35.227 35.218 35.209 35.200 35.190 35.180 35.170 35.160 35.150 35.140 35.130 35.121 35.112 35.102 35.093 35.084 35.076 35.067 35.058 35.048 35.039 35.029 35.020 35.010 35.001 34.991 34.982 34.972 34.963 34.953 34.944 34.934 34.926 34.917 34.909 34.900 34.892 34.883 34.874
35.346 35.350 35.348 35.345 35.339 35.332 35.324 35.315 35.311 35.307 35.305 35.304 35.301 35.298 35.295 35.291 35.287 35.283 35.278 35.274 35.268 35.261 35.255 35.248 35.240 35.232 35.223 35.215 35.206 35.197 35.188 35.178 35.169 35.159 35.149 35.139 35.129 35.118 35.107 35.097 35.086 35.076 35.066 35.055 35.046 35.036 35.027 35.017 35.008 34.999 34.990 34.980 34.970 34.960 34.951 34.941 34.931 34.922 34.912 34.903 34.893 34.884 34.874 34.865 34.856 34.847 34.839 34.831 34.822 34.813 34.804
35.317 35.326 35.328 35.329 35.322 35.314 35.303 35.291 35.285 35.279 35.276 35.273 35.269 35.264 35.259 35.254 35.249 35.244 35.238 35.232 35.224 35.217 35.208 35.200 35.191 35.181 35.172 35.162 35.152 35.142 35.131 35.121 35.111 35.100 35.090 35.079 35.067 35.055 35.044 35.033 35.022 35.011 35.001 34.990 34.980 34.970 34.960 34.950 34.941 34.931 34.921 34.911 34.901 34.891 34.881 34.871 34.862 34.852 34.843 34.833 34.824 34.814 34.805 34.796 34.787 34.778 34.770 34.761 34.752 34.743 34.734
35.277 35.290 35.298 35.307 35.303 35.298 35.285 35.272 35.264 35.255 35.250 35.245 35.239 35.233 35.226 35.219 35.212 35.205 35.197 35.189 35.180 35.170 35.160 35.150 35.140 35.129 35.118 35.106 35.095 35.084 35.073 35.062 35.051 35.040 35.028 35.016 35.005 34.992 34.981 34.969 34.958 34.947 34.936 34.925 34.915 34.905 34.895 34.885 34.875 34.865 34.855 34.845 34.835 34.825 34.815 34.805 34.796 34.786 34.776 34.767 34.757 34.748 34.739 34.730 34.721 34.712 34.704 34.695 34.686 34.677 34.667
35.236 35.253 35.269 35.286 35.284 35.282 35.267 35.253 35.242 35.232 35.225 35.218 35.210 35.202 35.193 35.184 35.175 35.166 35.156 35.146 35.135 35.124 35.113 35.101 35.089 35.076 35.064 35.051 35.039 35.027 35.015 35.003 34.991 34.979 34.967 34.954 34.942 34.929 34.917 34.905 34.894 34.882 34.871 34.860 34.850 34.839 34.829 34.819 34.809 34.799 34.789 34.779 34.769 34.758 34.749 34.739 34.729 34.720 34.710 34.700 34.691 34.682 34.673 34.664 34.655 34.646 34.638 34.629 34.620 34.610 34.601
35.158 35.182 35.212 35.241 35.247 35.253 35.242 35.231 35.221 35.212 35.203 35.195 35.185 35.175 35.164 35.154 35.142 35.131 35.120 35.108 35.095 35.082 35.069 35.055 35.042 35.028 35.014 35.001 34.988 34.974 34.961 34.948 34.936 34.923 34.911 34.898 34.885 34.872 34.860 34.847 34.836 34.824 34.813 34.801 34.791 34.780 34.770 34.759 34.750 34.740 34.729 34.719 34.709 34.699 34.690 34.680 34.670 34.661 34.651 34.642 34.633 34.624 34.615 34.606 34.597 34.588 34.579 34.571 34.561 34.552 34.543
35.080 -99999 35.154 35.196 35.211 35.225 35.217 35.209 35.200 35.192 35.182 35.172 35.160 35.148 35.136 35.123 35.110 35.097 35.083 35.069 35.055 35.040 35.025 35.010 34.995 34.980 34.965 34.950 34.936 34.921 34.908 34.894 34.881 34.867 34.854 34.841 34.828 34.814 34.802 34.790 34.778 34.766 34.754 34.742 34.732 34.721 34.711 34.700 34.690 34.680 34.670 34.660 34.650 34.640 34.630 34.621 34.611 34.602 34.593 34.583 34.574 34.566 34.557 34.547 34.539 34.530 34.521 34.512 34.503 34.494 34.485
-99999 -99999 35.144 35.186 35.198 35.210 35.202 35.195 35.186 35.177 35.166 35.154 35.141 35.128 35.114 35.100 35.085 35.070 35.054 35.038 35.021 35.004 34.987 34.971 34.954 34.938 34.921 34.905 34.890 34.874 34.860 34.845 34.832 34.818 34.805 34.791 34.778 34.765 34.752 34.739 34.727 34.715 34.704 34.692 34.681 34.671 34.660 34.649 34.639 34.629 34.619 34.608 34.598 34.589 34.579 34.570 34.560 34.551 34.542 34.533 34.524 34.515 34.507 34.497 34.489 34.480 34.471 34.462 34.454 34.445 34.437
