230620T125922_230601T165519_230321_sos_CMIP6_historical_1985_2015_mean-0p5deg.txt
ncols 719
nrows 359
xllcorner 0.0
yllcorner -89.5
cellsize 0.5
NODATA_value -99999
[rows 256 to 287 of 359, columns 568 to 638 of 719]
33.489 33.504 33.518 33.475 33.432 -99999 -99999 -99999 -99999 -99999 -99999 -99999 -99999 -99999 -99999 -99999 -99999 -99999 -99999 -99999 -99999 -99999 -99999 -99999 -99999 -99999 -99999 -99999 -99999 -99999 -99999 -99999 -99999 -99999 -99999 -99999 -99999 -99999 33.544 33.635 33.728 34.060 34.393 34.783 35.173 35.294 35.414 35.420 35.425 35.376 35.327 35.276 35.225 35.178 35.132 35.095 35.057 35.029 35.001 34.981 34.961 34.948 34.934 34.924 34.913 34.905 34.897 34.889 34.880 34.872 34.863
33.428 33.431 33.434 33.274 33.113 -99999 -99999 -99999 -99999 -99999 -99999 -99999 -99999 -99999 -99999 -99999 -99999 -99999 -99999 -99999 -99999 -99999 -99999 -99999 -99999 -99999 -99999 -99999 -99999 -99999 -99999 -99999 -99999 -99999 -99999 -99999 -99999 33.735 33.694 33.803 33.912 34.215 34.519 34.842 35.166 35.260 35.355 35.348 35.340 35.289 35.237 35.184 35.131 35.085 35.039 35.004 34.969 34.944 34.918 34.901 34.883 34.871 34.859 34.850 34.840 34.833 34.825 34.817 34.809 34.798 34.787
33.367 33.359 33.350 33.073 -99999 -99999 -99999 -99999 -99999 -99999 -99999 -99999 -99999 -99999 -99999 -99999 -99999 -99999 -99999 -99999 -99999 -99999 -99999 -99999 -99999 -99999 -99999 -99999 -99999 -99999 33.776 -99999 33.783 -99999 33.797 -99999 33.809 33.826 33.843 33.970 34.097 34.371 34.645 34.901 35.158 35.227 35.295 35.276 35.255 35.201 35.146 35.092 35.037 34.992 34.947 34.914 34.881 34.858 34.835 34.820 34.805 34.795 34.784 34.776 34.767 34.760 34.753 34.746 34.738 34.724 34.710
33.303 33.282 33.261 -99999 -99999 -99999 -99999 -99999 -99999 -99999 -99999 -99999 -99999 -99999 -99999 -99999 -99999 -99999 -99999 -99999 -99999 -99999 -99999 -99999 -99999 -99999 -99999 -99999 -99999 33.758 33.782 33.785 33.789 33.805 33.821 33.840 33.860 33.885 33.911 34.045 34.180 34.422 34.663 34.873 35.082 35.133 35.183 35.156 35.128 35.076 35.024 34.974 34.924 34.884 34.843 34.813 34.783 34.763 34.742 34.730 34.717 34.708 34.699 34.692 34.684 34.677 34.669 34.662 34.655 34.638 34.620
33.238 33.205 33.171 -99999 -99999 -99999 -99999 -99999 -99999 -99999 -99999 -99999 -99999 -99999 -99999 -99999 -99999 -99999 -99999 -99999 -99999 -99999 -99999 -99999 -99999 -99999 -99999 -99999 -99999 33.816 33.788 33.791 33.794 33.820 33.845 33.878 33.911 33.944 33.978 34.120 34.263 34.472 34.682 34.844 35.007 35.039 35.070 35.036 35.001 34.951 34.901 34.856 34.811 34.775 34.738 34.712 34.686 34.668 34.650 34.639 34.628 34.621 34.614 34.607 34.600 34.593 34.586 34.579 34.572 34.551 34.530
33.185 33.131 33.078 -99999 -99999 -99999 -99999 -99999 -99999 -99999 -99999 -99999 -99999 -99999 -99999 -99999 -99999 -99999 -99999 -99999 -99999 -99999 -99999 -99999 -99999 -99999 -99999 -99999 -99999 33.802 33.783 33.791 33.799 33.830 33.862 33.900 33.940 33.984 34.029 34.152 34.275 34.447 34.619 34.746 34.873 34.894 34.913 34.883 34.853 34.812 34.770 34.734 34.697 34.667 34.636 34.614 34.591 34.575 34.559 34.550 34.540 34.534 34.528 34.522 34.515 34.509 34.502 34.495 34.488 34.464 34.440
33.132 33.058 32.984 -99999 -99999 -99999 -99999 -99999 -99999 -99999 -99999 -99999 -99999 -99999 -99999 -99999 -99999 -99999 -99999 -99999 -99999 -99999 -99999 -99999 33.980 -99999 33.823 -99999 33.799 33.788 33.778 33.791 33.804 33.841 33.878 33.923 33.969 34.024 34.080 34.184 34.287 34.422 34.556 34.648 34.739 34.748 34.756 34.731 34.705 34.673 34.640 34.612 34.583 34.559 34.534 34.516 34.496 34.483 34.468 34.460 34.452 34.447 34.442 34.436 34.431 34.425 34.418 34.411 34.404 34.377 34.349
33.079 32.993 32.906 -99999 -99999 -99999 -99999 -99999 -99999 -99999 -99999 -99999 -99999 -99999 -99999 -99999 -99999 -99999 -99999 -99999 -99999 -99999 -99999 33.987 33.872 33.839 33.805 33.795 33.785 33.778 33.772 33.786 33.800 33.838 33.876 33.930 33.984 34.039 34.093 34.176 34.259 34.364 34.468 34.537 34.605 34.609 34.613 34.594 34.575 34.550 34.526 34.505 34.484 34.465 34.445 34.429 34.413 34.400 34.387 34.380 34.372 34.368 34.363 34.359 34.354 34.348 34.342 34.335 34.327 34.298 34.268
33.025 32.927 32.829 -99999 -99999 -99999 -99999 -99999 -99999 -99999 -99999 -99999 -99999 -99999 -99999 -99999 -99999 -99999 -99999 -99999 -99999 -99999 -99999 33.788 33.763 33.776 33.788 33.780 33.772 33.769 33.766 33.781 33.796 33.835 33.874 33.937 34.000 34.053 34.106 34.169 34.231 34.306 34.380 34.426 34.471 34.471 34.470 34.457 34.444 34.428 34.412 34.398 34.385 34.371 34.356 34.343 34.329 34.318 34.306 34.299 34.292 34.289 34.285 34.281 34.277 34.271 34.266 34.258 34.251 34.219 34.186
32.957 32.822 32.687 -99999 -99999 -99999 -99999 -99999 -99999 -99999 -99999 -99999 -99999 -99999 -99999 -99999 -99999 -99999 -99999 -99999 -99999 -99999 -99999 33.767 33.754 33.760 33.767 33.763 33.759 33.760 33.762 33.779 33.797 33.828 33.859 33.922 33.985 34.039 34.093 34.148 34.202 34.257 34.312 34.343 34.373 34.369 34.365 34.353 34.340 34.329 34.317 34.308 34.299 34.289 34.278 34.266 34.254 34.244 34.234 34.228 34.222 34.218 34.214 34.211 34.207 34.201 34.196 34.189 34.182 34.149 34.116
32.890 32.717 32.545 -99999 -99999 -99999 -99999 -99999 -99999 -99999 -99999 -99999 -99999 -99999 -99999 -99999 -99999 -99999 -99999 -99999 -99999 -99999 -99999 33.747 33.745 33.745 33.745 33.745 33.746 33.752 33.758 33.778 33.797 33.821 33.844 33.907 33.971 34.026 34.081 34.127 34.173 34.209 34.245 34.260 34.275 34.267 34.259 34.248 34.236 34.229 34.222 34.218 34.213 34.207 34.200 34.190 34.180 34.171 34.162 34.157 34.151 34.148 34.144 34.140 34.136 34.131 34.126 34.119 34.112 34.079 34.045
32.824 32.663 32.502 -99999 -99999 -99999 -99999 -99999 -99999 -99999 -99999 -99999 -99999 -99999 -99999 -99999 -99999 -99999 -99999 -99999 -99999 -99999 -99999 33.732 33.727 33.727 33.727 33.732 33.737 33.749 33.761 33.780 33.800 33.818 33.836 33.884 33.932 33.984 34.036 34.079 34.123 34.152 34.180 34.188 34.196 34.187 34.176 34.164 34.151 34.145 34.139 34.137 34.134 34.130 34.125 34.118 34.110 34.104 34.097 34.093 34.088 34.086 34.083 34.079 34.076 34.071 34.065 34.059 34.053 34.021 33.990
32.758 32.608 -99999 -99999 -99999 -99999 -99999 -99999 -99999 -99999 -99999 -99999 -99999 -99999 -99999 -99999 -99999 -99999 -99999 -99999 -99999 -99999 -99999 33.716 33.710 33.710 33.709 33.718 33.727 33.745 33.763 33.783 33.803 33.815 33.828 33.860 33.893 33.942 33.991 34.032 34.072 34.094 34.116 34.117 34.118 34.106 34.093 34.080 34.067 34.061 34.056 34.056 34.056 34.053 34.051 34.046 34.041 34.036 34.031 34.029 34.026 34.024 34.021 34.018 34.015 34.010 34.005 33.999 33.993 33.964 33.935
32.675 -99999 -99999 -99999 -99999 -99999 -99999 -99999 -99999 -99999 -99999 -99999 -99999 -99999 -99999 -99999 -99999 -99999 -99999 -99999 -99999 -99999 -99999 33.701 33.703 33.703 33.702 33.712 33.721 33.741 33.761 33.781 33.802 33.813 33.825 33.847 33.869 33.903 33.937 33.968 33.998 34.016 34.034 34.038 34.042 34.034 34.026 34.017 34.008 34.004 33.999 33.999 33.999 33.997 33.995 33.992 33.988 33.985 33.982 33.980 33.978 33.976 33.974 33.971 33.968 33.963 33.958 33.953 33.947 33.924 33.901
32.592 -99999 -99999 -99999 -99999 -99999 -99999 -99999 -99999 -99999 -99999 -99999 -99999 -99999 -99999 -99999 -99999 -99999 -99999 -99999 33.643 -99999 33.677 33.686 33.696 33.695 33.695 33.705 33.715 33.737 33.759 33.779 33.800 33.811 33.822 33.834 33.846 33.865 33.884 33.904 33.923 33.938 33.953 33.959 33.965 33.962 33.959 33.955 33.950 33.947 33.943 33.943 33.942 33.941 33.940 33.938 33.936 33.934 33.932 33.931 33.929 33.928 33.926 33.924 33.921 33.916 33.912 33.907 33.902 33.884 33.866
32.557 -99999 -99999 -99999 -99999 -99999 -99999 -99999 -99999 -99999 -99999 -99999 -99999 -99999 -99999 -99999 -99999 -99999 -99999 33.573 33.644 33.655 33.667 33.676 33.686 33.687 33.688 33.702 33.715 33.739 33.763 33.782 33.801 33.811 33.820 33.829 33.838 33.851 33.864 33.876 33.889 33.899 33.910 33.916 33.921 33.921 33.921 33.919 33.917 33.915 33.913 33.912 33.910 33.908 33.905 33.903 33.901 33.899 33.898 33.896 33.895 33.893 33.891 33.888 33.886 33.882 33.877 33.873 33.868 33.857 33.845
32.521 -99999 -99999 -99999 -99999 -99999 -99999 -99999 -99999 -99999 -99999 -99999 -99999 -99999 -99999 -99999 -99999 -99999 -99999 33.577 -99999 33.651 33.656 33.666 33.676 33.679 33.682 33.698 33.715 33.741 33.767 33.785 33.802 33.810 33.817 33.824 33.830 33.837 33.844 33.849 33.855 33.861 33.866 33.872 33.878 33.880 33.883 33.884 33.885 33.884 33.883 33.880 33.878 33.874 33.871 33.868 33.866 33.864 33.863 33.861 33.860 33.858 33.856 33.853 33.850 33.847 33.843 33.839 33.835 33.830 33.825
32.419 -99999 -99999 -99999 -99999 -99999 -99999 -99999 -99999 -99999 -99999 -99999 -99999 -99999 -99999 -99999 -99999 -99999 -99999 -99999 -99999 33.625 33.644 33.656 33.668 33.676 33.684 33.706 33.728 33.752 33.775 33.790 33.804 33.810 33.816 33.820 33.825 33.830 33.835 33.840 33.845 33.849 33.853 33.856 33.859 33.861 33.863 33.864 33.864 33.863 33.862 33.860 33.857 33.854 33.850 33.848 33.845 33.843 33.840 33.838 33.836 33.833 33.831 33.827 33.824 33.820 33.816 33.812 33.808 33.808 33.807
32.316 -99999 -99999 -99999 -99999 -99999 -99999 -99999 -99999 -99999 -99999 -99999 -99999 -99999 -99999 -99999 -99999 -99999 -99999 -99999 -99999 33.599 33.631 33.645 33.660 33.673 33.686 33.713 33.741 33.762 33.784 33.795 33.806 33.810 33.815 33.817 33.819 33.823 33.826 33.831 33.836 33.838 33.840 33.840 33.841 33.842 33.843 33.843 33.843 33.842 33.842 33.839 33.837 33.833 33.830 33.827 33.824 33.821 33.818 33.815 33.812 33.809 33.806 33.802 33.798 33.794 33.789 33.785 33.781 33.785 33.789
32.451 -99999 -99999 -99999 -99999 -99999 -99999 -99999 -99999 -99999 -99999 -99999 -99999 -99999 -99999 -99999 -99999 -99999 -99999 -99999 -99999 33.606 33.628 33.644 33.659 33.676 33.694 33.718 33.743 33.762 33.781 33.791 33.802 33.807 33.812 33.815 33.817 33.820 33.822 33.825 33.828 33.829 33.830 33.830 33.830 33.829 33.829 33.827 33.826 33.825 33.823 33.821 33.819 33.816 33.813 33.809 33.806 33.802 33.799 33.795 33.792 33.788 33.784 33.780 33.775 33.771 33.766 33.762 33.757 33.763 33.768
32.585 -99999 -99999 -99999 -99999 -99999 -99999 -99999 -99999 -99999 -99999 -99999 -99999 -99999 -99999 -99999 -99999 -99999 -99999 -99999 33.601 33.613 33.625 33.642 33.658 33.680 33.702 33.723 33.745 33.762 33.778 33.788 33.798 33.804 33.810 33.813 33.816 33.817 33.818 33.819 33.821 33.820 33.820 33.819 33.818 33.816 33.815 33.812 33.808 33.807 33.805 33.803 33.801 33.798 33.795 33.792 33.788 33.784 33.780 33.776 33.772 33.767 33.763 33.758 33.752 33.747 33.742 33.738 33.733 33.740 33.747
32.700 -99999 -99999 -99999 -99999 -99999 -99999 -99999 -99999 -99999 -99999 -99999 -99999 -99999 -99999 -99999 -99999 -99999 -99999 33.517 33.609 33.621 33.632 33.650 33.668 33.688 33.708 33.726 33.745 33.758 33.771 33.779 33.787 33.793 33.800 33.803 33.807 33.809 33.811 33.815 33.819 33.820 33.821 33.819 33.816 33.812 33.807 33.802 33.796 33.792 33.787 33.784 33.781 33.779 33.776 33.772 33.768 33.765 33.761 33.756 33.752 33.746 33.741 33.735 33.729 33.723 33.717 33.712 33.706 33.712 33.718
32.816 -99999 -99999 -99999 -99999 -99999 -99999 -99999 -99999 -99999 -99999 -99999 -99999 -99999 -99999 -99999 -99999 -99999 -99999 33.579 33.616 33.628 33.640 33.658 33.677 33.696 33.714 33.729 33.744 33.754 33.763 33.770 33.777 33.783 33.789 33.793 33.797 33.801 33.805 33.811 33.816 33.820 33.823 33.819 33.815 33.807 33.800 33.792 33.783 33.776 33.770 33.766 33.762 33.759 33.756 33.753 33.749 33.745 33.742 33.737 33.732 33.726 33.719 33.712 33.705 33.698 33.691 33.685 33.679 33.684 33.689
32.886 -99999 -99999 -99999 -99999 -99999 -99999 -99999 -99999 -99999 -99999 -99999 -99999 -99999 -99999 -99999 -99999 -99999 -99999 33.576 33.611 33.627 33.643 33.661 33.680 33.697 33.714 33.728 33.741 33.749 33.756 33.762 33.768 33.772 33.777 33.782 33.787 33.793 33.798 33.805 33.812 33.816 33.820 33.819 33.818 33.812 33.807 33.798 33.789 33.781 33.773 33.766 33.759 33.754 33.748 33.743 33.738 33.733 33.728 33.722 33.716 33.710 33.703 33.696 33.689 33.683 33.676 33.670 33.664 33.669 33.673
32.956 -99999 -99999 -99999 -99999 -99999 -99999 -99999 -99999 -99999 -99999 -99999 -99999 -99999 -99999 -99999 33.431 -99999 33.541 33.574 33.606 33.627 33.647 33.664 33.682 33.698 33.714 33.726 33.739 33.744 33.749 33.754 -99999 33.762 -99999 33.771 -99999 33.784 33.792 33.800 33.807 33.813 33.818 33.820 33.821 33.817 33.813 33.804 33.795 33.785 33.775 33.766 33.757 33.748 33.740 33.734 33.727 33.721 33.714 33.708 33.701 33.694 33.688 33.681 33.674 33.667 33.660 33.655 33.649 33.653 33.656
33.007 -99999 -99999 -99999 -99999 -99999 -99999 -99999 -99999 -99999 -99999 -99999 -99999 -99999 -99999 33.432 33.477 33.518 33.558 33.588 33.618 33.638 33.658 33.674 33.691 33.705 33.719 33.729 33.739 33.740 33.741 -99999 -99999 -99999 -99999 -99999 -99999 33.790 33.792 33.800 33.807 33.812 33.818 33.819 33.821 33.818 33.816 33.809 33.802 33.793 33.784 33.774 33.765 33.755 33.746 33.738 33.730 33.721 33.713 33.705 33.698 33.690 33.683 33.676 33.668 33.662 33.655 33.648 33.642 33.644 33.647
33.057 -99999 32.332 -99999 -99999 -99999 -99999 -99999 -99999 -99999 -99999 -99999 -99999 -99999 -99999 33.484 33.523 33.549 33.575 33.602 33.629 33.649 33.669 33.685 33.700 33.712 33.724 33.731 33.739 33.736 33.733 -99999 -99999 -99999 -99999 -99999 -99999 33.796 33.792 33.800 33.807 33.812 33.817 33.819 33.821 33.820 33.819 33.813 33.808 33.800 33.792 33.782 33.773 33.762 33.752 33.742 33.732 33.722 33.712 33.703 33.694 33.686 33.679 33.671 33.663 33.656 33.649 33.642 33.635 33.636 33.637
33.172 32.905 32.639 -99999 -99999 -99999 -99999 -99999 -99999 -99999 -99999 -99999 -99999 -99999 -99999 33.491 33.541 33.563 33.585 33.613 33.641 33.660 33.679 33.694 33.708 33.719 33.729 33.736 33.743 33.746 33.749 -99999 -99999 -99999 -99999 -99999 -99999 33.792 33.796 33.803 33.810 33.814 33.818 33.820 33.821 33.820 33.820 33.815 33.811 33.804 33.797 33.789 33.780 33.770 33.759 33.748 33.737 33.726 33.714 33.704 33.694 33.685 33.676 33.668 33.659 33.651 33.643 33.636 33.628 33.629 33.630
33.287 33.116 32.945 -99999 -99999 -99999 -99999 -99999 -99999 -99999 -99999 -99999 -99999 -99999 -99999 33.497 -99999 33.577 33.595 33.624 33.653 33.671 33.689 33.703 33.717 33.726 33.735 33.741 33.746 33.756 33.765 -99999 33.792 -99999 33.750 -99999 33.776 33.788 33.800 33.807 33.813 33.816 33.819 33.820 33.822 33.821 33.820 33.817 33.814 33.808 33.803 33.795 33.788 33.777 33.766 33.754 33.742 33.729 33.717 33.706 33.694 33.684 33.674 33.664 33.655 33.646 33.637 33.629 33.622 33.623 33.624
33.416 33.271 33.127 -99999 -99999 -99999 -99999 -99999 -99999 -99999 -99999 -99999 -99999 -99999 -99999 -99999 -99999 33.585 33.593 33.626 33.658 33.674 33.690 33.705 33.720 33.730 33.740 33.747 33.753 33.759 33.766 33.774 33.782 33.774 33.765 33.776 33.788 33.797 33.807 33.811 33.815 33.818 33.821 33.822 33.823 33.823 33.822 33.820 33.817 33.812 33.807 33.800 33.793 33.782 33.771 33.758 33.745 33.732 33.718 33.706 33.693 33.682 33.670 33.660 33.649 33.641 33.632 33.625 33.619 33.620 33.620
33.545 33.426 33.308 -99999 -99999 -99999 -99999 -99999 -99999 -99999 -99999 -99999 -99999 -99999 -99999 -99999 -99999 33.593 -99999 33.627 -99999 33.678 33.692 33.707 33.723 33.734 33.745 33.752 33.760 33.763 33.766 33.769 33.772 33.776 33.780 33.790 33.799 33.807 33.814 33.816 33.818 33.821 33.823 33.824 33.825 33.825 33.824 33.822 33.820 33.816 33.811 33.804 33.797 33.786 33.776 33.762 33.748 33.734 33.719 33.706 33.692 33.680 33.667 33.655 33.644 33.636 33.627 33.621 33.615 33.616 33.617
33.638 33.546 33.454 -99999 -99999 -99999 -99999 -99999 -99999 -99999 -99999 -99999 -99999 -99999 -99999 -99999 -99999 -99999 -99999 -99999 -99999 33.663 33.686 33.703 33.720 33.731 33.743 33.752 33.761 33.765 33.769 33.773 33.777 33.782 33.788 33.796 33.804 33.809 33.815 33.818 33.820 33.823 33.826 33.826 33.826 33.825 33.824 33.822 33.820 33.815 33.810 33.803 33.796 33.786 33.776 33.763 33.750 33.737 33.723 33.710 33.697 33.684 33.671 33.659 33.647 33.637 33.628 33.621 33.614 33.615 33.615
