230620T130124_230601T165519_230321_sos_CMIP6_ssp370_2071_2101_mean-0p5deg.txt
ncols 719
nrows 359
xllcorner 0.0
yllcorner -89.5
cellsize 0.5
NODATA_value -99999
[rows 32 to 63 of 359, columns 639 to 709 of 719]
-99999 -99999 -99999 -99999 -99999 -99999 -99999 -99999 -99999 -99999 -99999 -99999 -99999 -99999 -99999 -99999 -99999 -99999 -99999 -99999 -99999 -99999 -99999 -99999 -99999 -99999 -99999 -99999 -99999 -99999 -99999 -99999 -99999 -99999 -99999 -99999 -99999 -99999 -99999 -99999 30.647 30.857 31.032 31.205 31.404 31.603 31.819 32.035 32.262 32.489 32.665 32.841 32.988 33.135 33.239 33.342 33.425 33.506 33.572 33.637 33.691 33.746 33.794 33.842 33.883 33.924 33.962 34.000 34.032 34.064 34.093
-99999 -99999 -99999 -99999 -99999 -99999 -99999 -99999 -99999 -99999 -99999 -99999 -99999 -99999 -99999 -99999 -99999 -99999 -99999 -99999 -99999 -99999 -99999 -99999 -99999 -99999 -99999 -99999 -99999 -99999 -99999 -99999 -99999 -99999 -99999 -99999 -99999 -99999 -99999 -99999 30.920 31.120 31.299 31.477 31.688 31.897 32.108 32.317 32.519 32.720 32.873 33.024 33.144 33.263 33.352 33.441 33.511 33.581 33.639 33.696 33.745 33.794 33.838 33.881 33.919 33.957 33.992 34.027 34.058 34.088 34.116
-99999 -99999 -99999 -99999 -99999 -99999 -99999 -99999 -99999 -99999 -99999 -99999 -99999 -99999 -99999 -99999 -99999 -99999 -99999 -99999 -99999 -99999 -99999 -99999 -99999 -99999 -99999 -99999 -99999 -99999 -99999 -99999 -99999 -99999 -99999 -99999 -99999 -99999 30.867 31.002 31.192 31.382 31.566 31.749 31.971 32.192 32.396 32.600 32.776 32.952 33.080 33.208 33.299 33.391 33.466 33.540 33.598 33.655 33.706 33.756 33.799 33.842 33.881 33.920 33.955 33.990 34.022 34.054 34.083 34.111 34.139
-99999 -99999 -99999 -99999 -99999 -99999 -99999 -99999 -99999 -99999 -99999 -99999 -99999 -99999 -99999 -99999 -99999 -99999 -99999 -99999 -99999 -99999 -99999 -99999 -99999 -99999 -99999 -99999 -99999 -99999 -99999 -99999 -99999 -99999 -99999 -99999 -99999 -99999 30.990 31.048 31.261 31.473 31.678 31.883 32.110 32.336 32.538 32.740 32.903 33.065 33.186 33.307 33.390 33.473 33.540 33.606 33.660 33.714 33.760 33.806 33.846 33.886 33.922 33.958 33.991 34.024 34.054 34.084 34.111 34.138 34.164
-99999 -99999 -99999 -99999 -99999 -99999 -99999 -99999 -99999 -99999 -99999 -99999 -99999 -99999 -99999 -99999 -99999 -99999 -99999 -99999 -99999 -99999 -99999 -99999 -99999 -99999 -99999 -99999 -99999 -99999 -99999 -99999 -99999 -99999 -99999 -99999 -99999 -99999 31.113 31.095 31.329 31.564 31.790 32.017 32.248 32.480 32.680 32.879 33.029 33.179 33.293 33.406 33.480 33.554 33.614 33.673 33.723 33.773 33.814 33.856 33.893 33.930 33.963 33.996 34.027 34.057 34.085 34.113 34.139 34.164 34.189
-99999 -99999 -99999 -99999 -99999 -99999 -99999 -99999 -99999 -99999 -99999 -99999 -99999 -99999 -99999 -99999 -99999 -99999 -99999 -99999 -99999 -99999 -99999 -99999 -99999 -99999 -99999 -99999 -99999 -99999 -99999 -99999 -99999 -99999 -99999 -99999 -99999 -99999 31.373 31.233 31.471 31.710 31.937 32.164 32.384 32.604 32.787 32.970 33.105 33.241 33.347 33.453 33.527 33.600 33.658 33.716 33.765 33.814 33.856 33.897 33.933 33.968 34.001 34.033 34.062 34.090 34.116 34.142 34.167 34.191 34.215
-99999 -99999 -99999 -99999 -99999 -99999 -99999 -99999 -99999 -99999 -99999 -99999 -99999 -99999 -99999 -99999 -99999 -99999 -99999 -99999 -99999 -99999 -99999 -99999 -99999 -99999 -99999 -99999 -99999 -99999 -99999 -99999 -99999 -99999 -99999 -99999 -99999 -99999 31.633 31.371 31.614 31.856 32.084 32.312 32.520 32.728 32.894 33.060 33.181 33.302 33.401 33.499 33.573 33.647 33.703 33.759 33.807 33.855 33.897 33.938 33.973 34.007 34.038 34.069 34.096 34.124 34.148 34.172 34.195 34.218 34.240
-99999 -99999 -99999 -99999 -99999 -99999 -99999 -99999 -99999 -99999 -99999 -99999 -99999 -99999 -99999 -99999 -99999 -99999 -99999 -99999 -99999 -99999 -99999 -99999 -99999 -99999 -99999 -99999 -99999 -99999 -99999 -99999 -99999 -99999 -99999 -99999 -99999 -99999 31.710 31.674 31.909 32.144 32.348 32.552 32.724 32.895 33.031 33.168 33.275 33.382 33.471 33.559 33.629 33.699 33.753 33.807 33.853 33.898 33.937 33.976 34.009 34.041 34.070 34.099 34.124 34.149 34.171 34.194 34.215 34.237 34.257
-99999 -99999 -99999 -99999 -99999 -99999 -99999 -99999 -99999 -99999 -99999 -99999 -99999 -99999 -99999 -99999 -99999 -99999 -99999 -99999 -99999 -99999 -99999 -99999 -99999 -99999 -99999 -99999 -99999 -99999 -99999 -99999 -99999 -99999 -99999 -99999 31.455 31.596 31.788 31.978 32.205 32.432 32.612 32.792 32.927 33.061 33.168 33.275 33.369 33.462 33.541 33.620 33.685 33.751 33.803 33.855 33.898 33.941 33.978 34.015 34.045 34.075 34.102 34.128 34.151 34.174 34.195 34.215 34.235 34.255 34.274
-99999 -99999 -99999 -99999 -99999 -99999 -99999 -99999 -99999 -99999 -99999 -99999 -99999 -99999 -99999 -99999 -99999 -99999 -99999 -99999 -99999 -99999 -99999 -99999 -99999 -99999 -99999 -99999 -99999 -99999 -99999 -99999 -99999 -99999 -99999 -99999 31.884 32.033 32.203 32.371 32.547 32.723 32.857 32.990 33.095 33.200 33.289 33.378 33.460 33.541 33.613 33.685 33.746 33.806 33.856 33.905 33.946 33.986 34.020 34.054 34.083 34.112 34.137 34.161 34.182 34.202 34.220 34.239 34.256 34.274 34.291
-99999 -99999 -99999 -99999 -99999 -99999 -99999 -99999 -99999 -99999 -99999 -99999 -99999 -99999 -99999 -99999 -99999 -99999 -99999 -99999 -99999 -99999 -99999 -99999 -99999 -99999 -99999 -99999 -99999 -99999 31.573 31.646 31.753 31.859 32.008 32.157 32.314 32.471 32.617 32.764 32.889 33.013 33.101 33.188 33.264 33.339 33.410 33.481 33.551 33.621 33.685 33.750 33.806 33.862 33.909 33.955 33.993 34.031 34.063 34.094 34.121 34.148 34.171 34.194 34.212 34.229 34.246 34.262 34.277 34.292 34.308
-99999 -99999 -99999 -99999 -99999 -99999 -99999 -99999 -99999 -99999 -99999 -99999 -99999 -99999 -99999 -99999 -99999 -99999 -99999 -99999 -99999 -99999 -99999 -99999 -99999 -99999 -99999 -99999 -99999 -99999 31.898 31.979 32.074 32.168 32.281 32.392 32.505 32.617 32.721 32.825 32.917 33.008 33.079 33.150 33.207 33.264 33.326 33.389 33.458 33.528 33.598 33.669 33.734 33.800 33.860 33.919 33.974 34.029 34.069 34.108 34.140 34.172 34.198 34.223 34.242 34.260 34.275 34.289 34.303 34.316 34.330
-99999 -99999 -99999 -99999 -99999 -99999 -99999 -99999 -99999 -99999 -99999 -99999 -99999 -99999 -99999 -99999 31.283 31.158 31.243 31.326 31.411 31.494 31.531 31.566 31.614 31.660 31.757 31.852 31.993 32.132 32.222 32.311 32.395 32.477 -99999 -99999 -99999 -99999 32.825 32.887 32.944 33.002 33.057 33.112 33.150 33.188 33.242 33.297 33.366 33.435 33.511 33.588 33.663 33.738 33.811 33.883 33.955 34.028 34.075 34.123 34.160 34.197 34.225 34.253 34.272 34.291 34.304 34.317 34.328 34.339 34.351
-99999 -99999 -99999 -99999 -99999 -99999 -99999 -99999 -99999 -99999 -99999 -99999 -99999 -99999 -99999 -99999 31.549 31.569 31.686 31.802 31.874 31.944 31.989 32.032 32.099 32.166 32.276 32.384 32.507 32.627 32.731 32.833 32.874 32.914 -99999 -99999 -99999 -99999 32.987 33.003 33.031 33.060 33.092 33.123 33.134 33.145 33.128 33.112 33.281 33.451 33.484 33.517 33.590 33.664 33.745 33.827 33.913 33.999 34.059 34.119 34.163 34.208 34.239 34.271 34.293 34.315 34.330 34.345 34.356 34.368 34.379
-99999 -99999 -99999 -99999 -99999 -99999 -99999 -99999 -99999 -99999 -99999 -99999 -99999 -99999 31.745 31.647 31.815 31.980 32.130 32.277 32.337 32.394 32.447 32.497 32.585 32.671 32.795 32.917 33.020 33.122 33.240 33.356 33.353 33.350 -99999 -99999 -99999 -99999 -99999 -99999 -99999 -99999 -99999 -99999 -99999 -99999 -99999 -99999 -99999 -99999 -99999 -99999 -99999 -99999 33.680 33.771 33.871 33.970 34.043 34.115 34.167 34.218 34.254 34.289 34.314 34.339 34.356 34.373 34.384 34.396 34.406
-99999 -99999 -99999 -99999 -99999 -99999 -99999 -99999 -99999 -99999 -99999 -99999 -99999 -99999 32.255 32.293 32.465 32.634 32.780 32.924 32.991 33.056 33.119 33.180 33.255 33.327 33.410 33.491 33.546 33.599 33.677 33.753 33.660 33.565 -99999 -99999 -99999 -99999 -99999 -99999 -99999 -99999 -99999 -99999 -99999 -99999 -99999 -99999 -99999 -99999 -99999 -99999 -99999 -99999 33.811 33.845 33.943 34.041 34.106 34.172 34.217 34.263 34.294 34.324 34.346 34.367 34.382 34.397 34.409 34.421 34.432
-99999 -99999 -99999 -99999 31.491 31.623 31.672 31.719 31.853 31.987 32.073 32.158 32.375 32.590 32.766 32.939 33.114 33.287 33.429 33.570 33.645 33.719 33.791 33.863 33.924 33.984 34.025 34.066 34.071 34.076 34.114 34.150 33.966 33.780 -99999 -99999 -99999 -99999 -99999 -99999 -99999 -99999 -99999 -99999 -99999 -99999 -99999 -99999 -99999 -99999 -99999 -99999 -99999 -99999 33.942 33.920 34.016 34.111 34.170 34.228 34.268 34.308 34.334 34.360 34.378 34.395 34.409 34.422 34.434 34.447 34.457
-99999 -99999 -99999 -99999 31.804 31.958 32.067 32.174 32.325 32.475 32.622 32.768 32.953 33.136 33.269 33.400 33.526 33.651 33.744 33.836 33.890 33.943 33.995 34.046 34.090 34.133 34.165 34.196 34.205 34.214 34.235 34.255 34.148 34.040 -99999 -99999 -99999 -99999 -99999 -99999 -99999 -99999 -99999 -99999 -99999 -99999 -99999 -99999 -99999 -99999 -99999 -99999 -99999 -99999 34.104 34.099 34.172 34.244 34.283 34.321 34.348 34.374 34.391 34.408 34.420 34.431 34.441 34.451 34.461 34.472 34.483
31.244 31.532 31.737 31.942 32.118 32.292 32.462 32.629 32.797 32.963 33.171 33.378 33.530 33.682 33.772 33.861 33.938 34.016 34.058 34.101 34.134 34.167 34.199 34.230 34.256 34.282 34.305 34.327 34.340 34.352 34.356 34.359 34.329 34.299 -99999 -99999 -99999 -99999 -99999 -99999 -99999 -99999 -99999 -99999 -99999 -99999 -99999 -99999 -99999 -99999 -99999 -99999 -99999 -99999 34.266 34.279 34.328 34.376 34.396 34.414 34.427 34.440 34.448 34.455 34.461 34.467 34.473 34.479 34.488 34.497 34.508
31.554 31.781 32.079 32.376 32.609 32.840 32.950 33.059 33.201 33.342 33.495 33.648 33.749 33.850 33.912 33.973 34.029 34.084 34.119 34.153 34.183 34.213 34.244 34.275 34.303 34.330 34.356 34.381 34.396 34.411 34.417 34.423 34.400 34.378 -99999 -99999 -99999 -99999 -99999 -99999 -99999 -99999 -99999 -99999 -99999 -99999 -99999 -99999 -99999 -99999 -99999 -99999 -99999 -99999 34.426 34.437 34.462 34.487 34.497 34.506 34.515 34.523 34.531 34.539 34.551 34.562 34.561 34.559 34.564 34.568 34.573
31.864 32.030 32.421 32.810 33.099 33.388 33.438 33.488 33.605 33.720 33.819 33.917 33.968 34.019 34.053 34.086 34.119 34.152 34.179 34.205 34.232 34.259 34.289 34.320 34.349 34.378 34.406 34.435 34.452 34.470 34.478 34.486 34.471 34.456 34.416 34.375 34.225 34.075 33.915 33.755 -99999 -99999 -99999 -99999 34.001 34.300 34.385 34.471 34.500 34.529 34.526 34.524 34.549 34.574 34.585 34.596 34.596 34.597 34.598 34.598 34.602 34.606 34.614 34.622 34.640 34.657 34.648 34.638 34.639 34.640 34.639
32.198 32.409 32.794 33.178 33.397 33.616 33.671 33.726 33.806 33.884 33.950 34.016 34.051 34.086 34.116 34.146 34.170 34.194 34.214 34.233 34.256 34.279 34.306 34.332 34.359 34.386 34.414 34.443 34.463 34.482 34.492 34.501 34.494 34.487 34.467 34.446 34.367 34.288 34.208 34.127 -99999 -99999 -99999 -99999 34.248 34.392 34.430 34.467 34.477 34.488 34.490 34.493 34.516 34.540 34.558 34.576 34.589 34.601 34.613 34.624 34.638 34.652 34.666 34.679 34.688 34.696 34.697 34.697 34.699 34.701 34.698
32.533 32.787 33.167 33.546 33.695 33.844 33.904 33.965 34.006 34.048 34.081 34.114 34.133 34.153 34.179 34.205 34.220 34.236 34.248 34.261 34.280 34.300 34.322 34.344 34.369 34.394 34.423 34.451 34.473 34.495 34.506 34.516 34.517 34.519 34.517 34.516 34.508 34.500 34.499 34.498 34.501 34.504 34.503 34.503 34.494 34.485 34.473 34.462 34.455 34.448 34.455 34.462 34.484 34.506 34.531 34.557 34.581 34.605 34.627 34.650 34.673 34.697 34.717 34.736 34.736 34.735 34.746 34.757 34.760 34.763 34.757
32.795 33.069 33.384 33.699 33.823 33.947 33.995 34.042 34.077 34.111 34.136 34.160 34.177 34.195 34.214 34.234 34.247 34.259 34.271 34.282 34.297 34.312 34.329 34.347 34.367 34.387 34.411 34.435 34.454 34.473 34.480 34.488 34.487 34.486 34.483 34.480 34.469 34.458 34.454 34.450 34.448 34.447 34.443 34.439 34.432 34.425 34.419 34.413 34.413 34.414 34.422 34.431 34.449 34.467 34.489 34.511 34.534 34.557 34.582 34.606 34.636 34.665 34.694 34.722 34.733 34.743 34.782 34.821 34.798 34.774 34.765
33.057 33.351 33.601 33.852 33.951 34.050 34.085 34.120 34.147 34.173 34.190 34.206 34.222 34.237 34.250 34.263 34.273 34.283 34.293 34.303 34.314 34.324 34.337 34.349 34.364 34.379 34.399 34.420 34.435 34.450 34.455 34.460 34.457 34.454 34.449 34.443 34.429 34.416 34.408 34.401 34.396 34.391 34.383 34.375 34.370 34.365 34.364 34.363 34.372 34.381 34.390 34.399 34.414 34.428 34.447 34.466 34.487 34.509 34.536 34.563 34.598 34.634 34.671 34.708 34.730 34.752 34.819 34.886 34.836 34.785 34.772
33.242 33.527 33.731 33.935 34.012 34.090 34.119 34.149 34.173 34.196 34.210 34.224 34.236 34.247 34.257 34.267 34.275 34.284 34.292 34.301 34.310 34.318 34.329 34.339 34.351 34.363 34.377 34.392 34.403 34.413 34.416 34.418 34.414 34.410 34.406 34.401 34.390 34.379 34.371 34.364 34.359 34.355 34.350 34.345 34.342 34.340 34.341 34.342 34.350 34.358 34.369 34.380 34.395 34.411 34.430 34.449 34.471 34.494 34.520 34.547 34.578 34.608 34.638 34.668 34.687 34.707 34.748 34.789 34.764 34.740 34.727
33.428 33.704 33.861 34.018 34.073 34.129 34.154 34.178 34.199 34.219 34.230 34.242 34.250 34.258 34.264 34.271 34.278 34.285 34.292 34.298 34.306 34.313 34.321 34.329 34.337 34.346 34.355 34.364 34.370 34.377 34.377 34.377 34.372 34.367 34.363 34.359 34.350 34.342 34.334 34.327 34.323 34.320 34.317 34.314 34.314 34.315 34.317 34.320 34.327 34.335 34.348 34.360 34.377 34.393 34.413 34.432 34.455 34.478 34.504 34.531 34.557 34.583 34.606 34.628 34.645 34.661 34.677 34.692 34.693 34.694 34.682
33.576 33.807 33.931 34.055 34.098 34.141 34.163 34.185 34.202 34.219 34.228 34.237 34.244 34.250 34.255 34.261 34.267 34.273 34.279 34.285 34.290 34.295 34.300 34.305 34.309 34.313 34.317 34.320 34.323 34.325 34.321 34.317 34.312 34.307 34.300 34.295 34.287 34.280 34.276 34.272 34.272 34.272 34.273 34.275 34.279 34.283 34.291 34.298 34.310 34.322 34.339 34.356 34.377 34.397 34.421 34.446 34.471 34.495 34.520 34.545 34.567 34.588 34.604 34.620 34.632 34.643 34.647 34.650 34.641 34.632 34.623
33.723 33.911 34.002 34.093 34.123 34.154 34.173 34.191 34.205 34.219 34.226 34.233 34.238 34.242 34.247 34.251 34.257 34.262 34.266 34.271 34.274 34.277 34.279 34.281 34.281 34.280 34.278 34.277 34.275 34.273 34.266 34.258 34.252 34.246 34.238 34.230 34.224 34.219 34.218 34.217 34.220 34.223 34.230 34.236 34.244 34.252 34.264 34.276 34.293 34.309 34.331 34.352 34.377 34.402 34.430 34.459 34.486 34.513 34.536 34.559 34.576 34.594 34.603 34.613 34.619 34.625 34.616 34.608 34.589 34.570 -99999
33.823 33.963 34.030 34.097 34.122 34.148 34.164 34.180 34.191 34.202 34.207 34.212 34.215 34.219 34.224 34.229 34.233 34.237 34.240 34.243 34.243 34.242 34.241 34.240 34.235 34.231 34.227 34.223 34.217 34.211 34.203 34.195 34.189 34.183 34.178 34.173 34.172 34.172 34.177 34.181 34.190 34.199 34.210 34.220 34.232 34.244 34.258 34.273 34.293 34.312 34.335 34.358 34.385 34.411 34.440 34.469 34.495 34.522 34.543 34.564 34.577 34.590 34.591 34.592 34.584 34.575 34.559 34.542 34.661 34.780 -99999
33.923 34.016 34.059 34.101 34.121 34.141 34.155 34.168 34.176 34.185 34.187 34.190 34.193 34.196 34.201 34.206 34.209 34.212 34.214 34.215 34.211 34.207 34.203 34.199 34.190 34.182 34.175 34.169 34.158 34.148 34.140 34.133 34.126 34.119 34.117 34.116 34.120 34.126 34.135 34.145 34.160 34.175 34.189 34.204 34.220 34.236 34.253 34.270 34.293 34.315 34.340 34.364 34.392 34.420 34.449 34.478 34.504 34.530 34.549 34.568 34.577 34.587 34.579 34.571 34.548 34.526 34.501 34.477 -99999 -99999 -99999
33.956 34.024 34.056 34.089 34.106 34.124 34.134 34.145 34.151 34.157 34.159 34.160 34.163 34.165 34.168 34.171 34.174 34.177 34.175 34.174 34.168 34.163 34.156 34.149 34.140 34.132 34.123 34.115 34.106 34.097 34.092 34.087 34.083 34.080 34.083 34.086 34.095 34.104 34.119 34.134 34.151 34.169 34.186 34.204 34.221 34.238 34.256 34.275 34.299 34.323 34.349 34.375 34.404 34.432 34.459 34.486 34.509 34.532 34.549 34.565 34.568 34.571 34.551 34.531 34.494 34.457 34.416 34.375 -99999 -99999 -99999
