230620T130225_230601T165519_230321_sos_CMIP6_ssp585_2071_2101_mean-0p5deg.txt
ncols 719
nrows 359
xllcorner 0.0
yllcorner -89.5
cellsize 0.5
NODATA_value -99999
[rows 192 to 223 of 359, columns 284 to 354 of 719]
-99999 -99999 -99999 -99999 -99999 -99999 -99999 -99999 -99999 -99999 -99999 -99999 -99999 33.340 33.375 33.405 33.435 33.456 33.478 33.489 33.500 33.514 33.528 33.540 33.551 33.602 33.652 33.609 33.567 33.565 33.564 33.588 33.612 33.629 33.647 33.656 33.666 33.669 33.671 33.676 33.680 33.686 33.692 33.697 33.702 33.708 33.713 33.719 33.724 33.729 33.733 33.741 33.749 33.757 33.765 33.774 33.784 33.794 33.803 33.812 33.821 33.830 33.839 33.848 33.857 33.869 33.880 33.893 33.906 33.919 33.932
-99999 -99999 -99999 -99999 -99999 -99999 -99999 -99999 -99999 -99999 -99999 -99999 -99999 33.396 33.453 33.488 33.523 33.526 33.529 33.517 33.506 33.514 33.522 33.535 33.548 33.574 33.599 33.571 33.543 33.544 33.545 33.555 33.564 33.579 33.593 33.603 33.613 33.617 33.620 33.624 33.628 33.633 33.637 33.642 33.647 33.651 33.655 33.660 33.665 33.669 33.673 33.681 33.688 33.696 33.703 33.712 33.721 33.730 33.739 33.747 33.754 33.763 33.771 33.780 33.789 33.800 33.810 33.823 33.835 33.848 33.860
-99999 -99999 -99999 -99999 -99999 -99999 -99999 -99999 -99999 -99999 -99999 -99999 -99999 33.452 33.532 33.571 33.611 33.595 33.580 33.546 33.512 33.514 33.515 33.530 33.545 33.545 33.546 33.532 33.519 33.523 33.526 33.522 33.517 33.529 33.540 33.550 33.560 33.565 33.569 33.573 33.576 33.580 33.583 33.587 33.591 33.594 33.598 33.602 33.606 33.610 33.614 33.620 33.627 33.634 33.641 33.650 33.658 33.666 33.674 33.681 33.688 33.696 33.704 33.713 33.721 33.731 33.740 33.752 33.764 33.776 33.788
-99999 -99999 -99999 -99999 -99999 -99999 -99999 -99999 -99999 -99999 -99999 -99999 -99999 33.509 33.602 33.644 33.685 33.666 33.646 33.594 33.542 33.535 33.527 33.535 33.544 33.544 33.543 33.535 33.526 33.528 33.529 33.524 33.519 33.525 33.530 33.530 33.531 33.535 33.538 33.543 33.548 33.550 33.553 33.556 33.560 33.562 33.564 33.568 33.571 33.574 33.577 33.582 33.588 33.594 33.600 33.607 33.613 33.621 33.628 33.634 33.640 33.648 33.655 33.664 33.673 33.682 33.691 33.702 33.713 33.724 33.736
-99999 -99999 -99999 -99999 32.957 -99999 33.008 -99999 -99999 -99999 -99999 -99999 -99999 33.566 -99999 33.716 -99999 33.736 33.712 33.642 33.572 33.556 33.539 33.541 33.543 33.542 33.540 33.537 33.534 33.533 33.532 33.527 33.521 33.521 33.520 33.511 33.502 33.504 33.507 33.513 33.519 33.521 33.523 33.526 33.528 33.530 33.531 33.533 33.536 33.538 33.540 33.544 33.548 33.553 33.558 33.564 33.569 33.575 33.581 33.587 33.593 33.600 33.607 33.616 33.625 33.633 33.642 33.652 33.661 33.673 33.684
-99999 -99999 -99999 33.440 33.262 33.265 33.268 -99999 -99999 -99999 -99999 -99999 -99999 -99999 -99999 -99999 -99999 33.813 33.756 33.689 33.621 33.596 33.572 33.566 33.561 33.557 33.553 33.550 33.547 33.545 33.543 33.537 33.531 33.515 33.499 33.486 33.473 33.482 33.492 33.496 33.501 33.509 33.516 33.518 33.520 33.521 33.522 33.523 33.524 33.525 33.526 33.528 33.531 33.535 33.539 33.543 33.548 33.553 33.558 33.563 33.568 33.574 33.581 33.589 33.597 33.605 33.613 33.623 33.632 33.643 33.654
-99999 -99999 33.736 33.651 33.566 33.547 33.529 -99999 33.546 -99999 -99999 -99999 -99999 -99999 -99999 -99999 -99999 33.890 33.801 33.736 33.670 33.637 33.605 33.592 33.579 33.572 33.566 33.563 33.560 33.557 33.553 33.547 33.540 33.509 33.477 33.461 33.444 33.460 33.476 33.479 33.482 33.496 33.510 33.511 33.512 33.512 33.512 33.512 33.512 33.512 33.512 33.513 33.515 33.517 33.520 33.523 33.527 33.530 33.534 33.539 33.543 33.549 33.555 33.562 33.569 33.577 33.584 33.594 33.603 33.614 33.624
-99999 33.916 33.951 33.847 33.743 33.733 33.723 33.699 33.675 -99999 -99999 -99999 -99999 -99999 -99999 -99999 -99999 33.910 33.849 33.779 33.708 33.674 33.639 33.622 33.605 33.596 33.587 33.582 33.576 33.571 33.566 33.559 33.553 33.533 33.514 33.500 33.486 33.485 33.484 33.493 33.501 33.509 33.516 33.517 33.517 33.516 33.515 33.514 33.513 33.511 33.510 33.511 33.511 33.513 33.515 33.517 33.520 33.523 33.525 33.529 33.533 33.538 33.544 33.550 33.556 33.563 33.571 33.580 33.589 33.599 33.609
-99999 34.101 -99999 34.044 33.920 33.919 33.917 33.860 33.803 -99999 33.823 -99999 34.096 -99999 34.177 -99999 33.962 33.929 33.897 33.821 33.746 33.710 33.674 33.653 33.631 33.620 33.608 33.600 33.592 33.585 33.578 33.572 33.565 33.558 33.550 33.539 33.528 33.510 33.492 33.506 33.520 33.522 33.523 33.523 33.523 33.521 33.519 33.516 33.513 33.511 33.509 33.508 33.508 33.509 33.510 33.512 33.513 33.515 33.517 33.520 33.523 33.528 33.532 33.538 33.543 33.550 33.557 33.566 33.575 33.584 33.594
-99999 -99999 -99999 34.111 33.984 33.987 33.990 33.948 33.906 33.908 33.909 33.980 34.050 34.071 34.091 34.035 33.980 33.945 33.910 33.845 33.780 33.745 33.710 33.687 33.664 33.650 33.635 33.625 33.615 33.608 33.600 33.593 33.586 33.578 33.571 33.563 33.555 33.542 33.529 33.535 33.540 33.539 33.538 33.537 33.536 33.533 33.531 33.528 33.526 33.523 33.520 33.520 33.520 33.520 33.520 33.522 33.523 33.524 33.525 33.528 33.531 33.535 33.539 33.544 33.549 33.556 33.562 33.570 33.578 33.587 33.597
-99999 -99999 -99999 34.179 34.048 34.056 34.063 34.037 34.010 34.002 33.995 34.000 34.004 34.005 34.005 34.001 33.998 33.961 33.923 33.868 33.814 33.780 33.747 33.722 33.698 33.680 33.662 33.650 33.638 33.630 33.622 33.614 33.607 33.599 33.592 33.586 33.581 33.574 33.567 33.564 33.561 33.557 33.554 33.551 33.549 33.546 33.543 33.541 33.539 33.535 33.531 33.531 33.531 33.531 33.531 33.532 33.532 33.533 33.534 33.536 33.539 33.542 33.545 33.550 33.555 33.561 33.568 33.575 33.581 33.590 33.599
-99999 -99999 -99999 34.153 34.085 34.091 34.096 34.076 34.055 34.046 34.038 34.036 34.034 34.028 34.022 34.011 34.000 33.963 33.925 33.879 33.832 33.802 33.772 33.747 33.723 33.704 33.686 33.674 33.662 33.654 33.646 33.638 33.631 33.623 33.616 33.610 33.604 33.596 33.589 33.585 33.582 33.578 33.574 33.571 33.569 33.566 33.563 33.561 33.558 33.556 33.553 33.553 33.553 33.553 33.553 33.553 33.553 33.554 33.556 33.558 33.560 33.562 33.565 33.569 33.573 33.579 33.585 33.592 33.599 33.607 33.615
-99999 -99999 -99999 34.126 34.121 34.125 34.130 34.115 34.100 34.090 34.080 34.072 34.063 34.052 34.040 34.021 34.002 33.965 33.927 33.889 33.850 33.823 33.797 33.772 33.748 33.729 33.710 33.697 33.685 33.677 33.670 33.662 33.655 33.648 33.640 33.633 33.626 33.618 33.611 33.607 33.603 33.599 33.595 33.592 33.589 33.586 33.583 33.581 33.578 33.576 33.575 33.575 33.575 33.575 33.575 33.575 33.575 33.576 33.577 33.579 33.580 33.583 33.585 33.589 33.592 33.597 33.603 33.609 33.616 33.623 33.631
-99999 -99999 -99999 34.130 34.150 34.148 34.147 34.131 34.115 34.101 34.087 34.076 34.066 34.051 34.036 34.013 33.991 33.958 33.925 33.892 33.858 33.834 33.809 33.788 33.767 33.751 33.734 33.723 33.712 33.704 33.697 33.689 33.681 33.674 33.666 33.660 33.653 33.646 33.639 33.635 33.631 33.627 33.623 33.620 33.617 33.615 33.612 33.610 33.608 33.600 33.592 33.598 33.604 33.605 33.606 33.606 33.607 33.609 33.611 33.611 33.612 33.614 33.615 33.619 33.623 33.627 33.632 33.639 33.645 33.653 33.660
-99999 -99999 -99999 34.134 -99999 34.171 34.165 34.148 34.130 34.112 34.093 34.081 34.069 34.050 34.032 34.006 33.980 33.951 33.922 33.895 33.867 33.844 33.822 33.804 33.787 33.773 33.758 33.749 33.739 33.731 33.724 33.715 33.707 33.700 33.692 33.686 33.680 33.673 33.667 33.663 33.659 33.655 33.651 33.648 33.646 33.644 33.641 33.640 33.638 33.624 33.610 33.622 33.633 33.635 33.636 33.637 33.638 33.641 33.644 33.644 33.644 33.645 33.646 33.649 33.653 33.658 33.662 33.669 33.675 33.682 33.689
-99999 -99999 -99999 -99999 -99999 34.279 34.260 34.202 34.145 34.121 34.098 34.082 34.067 34.048 34.029 34.005 33.980 33.955 33.930 33.906 33.882 33.863 33.844 33.829 33.814 33.802 33.789 33.780 33.771 33.763 33.755 33.747 33.738 33.731 33.724 33.719 33.713 33.707 33.701 33.697 33.693 33.690 33.686 33.684 33.682 33.680 33.678 33.677 33.676 33.656 33.637 33.647 33.657 33.666 33.675 33.676 33.678 33.680 33.683 33.683 33.683 33.685 33.686 33.691 33.695 33.700 33.705 33.711 33.718 33.725 33.732
-99999 -99999 -99999 -99999 -99999 34.387 -99999 34.257 34.159 34.130 34.102 34.084 34.066 34.046 34.026 34.004 33.981 33.960 33.938 33.917 33.896 33.881 33.865 33.854 33.842 33.831 33.820 33.812 33.803 33.795 33.787 33.778 33.770 33.763 33.757 33.751 33.746 33.740 33.735 33.732 33.728 33.725 33.722 33.720 33.718 33.716 33.715 33.714 33.714 33.688 33.663 33.672 33.682 33.697 33.713 33.715 33.717 33.719 33.722 33.722 33.723 33.725 33.727 33.732 33.737 33.742 33.747 33.754 33.760 33.767 33.774
-99999 -99999 -99999 -99999 -99999 -99999 -99999 34.266 34.173 34.145 34.117 34.098 34.079 34.060 34.041 34.021 34.001 33.983 33.964 33.946 33.927 33.914 33.900 33.889 33.878 33.868 33.858 33.850 33.841 33.833 33.825 33.817 33.808 33.802 33.796 33.790 33.785 33.780 33.775 33.772 33.768 33.765 33.763 33.760 33.758 33.756 33.754 33.753 33.752 33.727 33.702 33.717 33.733 33.743 33.752 33.755 33.757 33.759 33.762 33.763 33.764 33.767 33.771 33.777 33.782 33.788 33.794 33.802 33.810 33.820 33.829
-99999 -99999 -99999 -99999 -99999 -99999 -99999 34.275 -99999 34.160 34.133 34.112 34.092 34.074 34.057 34.039 34.022 34.006 33.990 33.974 33.959 33.947 33.935 33.925 33.915 33.905 33.896 33.888 33.879 33.871 33.863 33.855 33.847 33.841 33.835 33.829 33.824 33.819 33.815 33.812 33.809 33.806 33.803 33.800 33.798 33.795 33.793 33.792 33.790 33.765 33.740 33.763 33.785 33.789 33.792 33.795 33.797 33.799 33.801 33.803 33.806 33.810 33.815 33.821 33.827 33.834 33.842 33.851 33.860 33.872 33.885
-99999 -99999 -99999 -99999 -99999 -99999 -99999 -99999 -99999 34.227 34.162 34.142 34.122 34.105 34.088 34.074 34.060 34.047 34.033 34.019 34.004 33.993 33.981 33.970 33.960 33.950 33.940 33.932 33.924 33.916 33.908 33.900 33.893 33.887 33.881 33.876 33.871 33.866 33.862 33.859 33.856 33.853 33.850 33.847 33.844 33.840 33.837 33.835 33.833 33.808 33.782 33.804 33.826 33.829 33.831 33.834 33.837 33.840 33.842 33.845 33.848 33.852 33.857 33.864 33.871 33.879 33.887 33.898 33.909 33.922 33.935
-99999 -99999 -99999 -99999 -99999 -99999 -99999 -99999 -99999 34.293 34.190 34.171 34.152 34.136 34.120 34.110 34.099 34.087 34.075 34.063 34.050 34.038 34.027 34.016 34.005 33.995 33.985 33.976 33.968 33.960 33.953 33.946 33.939 33.933 33.927 33.922 33.917 33.913 33.909 33.906 33.904 33.901 33.897 33.893 33.889 33.886 33.882 33.879 33.876 33.850 33.823 33.846 33.868 33.869 33.871 33.874 33.877 33.880 33.883 33.887 33.890 33.895 33.900 33.907 33.914 33.923 33.932 33.945 33.958 33.972 33.986
-99999 -99999 -99999 -99999 -99999 -99999 -99999 -99999 -99999 34.301 34.214 34.195 34.177 34.170 34.163 34.155 34.146 34.136 34.127 34.115 34.104 34.092 34.081 34.069 34.058 34.048 34.038 34.029 34.021 34.014 34.007 34.002 33.996 33.990 33.985 33.979 33.974 33.970 33.966 33.964 33.963 33.959 33.955 33.950 33.945 33.940 33.936 33.932 33.929 33.910 33.892 33.889 33.885 33.896 33.906 33.914 33.923 33.926 33.929 33.933 33.936 33.940 33.945 33.951 33.958 33.965 33.973 33.982 33.992 33.991 33.990
-99999 -99999 -99999 -99999 -99999 -99999 -99999 -99999 -99999 34.310 34.237 34.219 34.202 34.204 34.205 34.200 34.194 34.186 34.178 34.168 34.158 34.146 34.134 34.123 34.112 34.101 34.091 34.082 34.074 34.068 34.062 34.057 34.053 34.047 34.042 34.037 34.032 34.027 34.023 34.022 34.021 34.017 34.013 34.007 34.001 33.995 33.990 33.985 33.981 33.971 33.961 33.932 33.903 33.922 33.941 33.955 33.969 33.972 33.976 33.979 33.982 33.986 33.990 33.996 34.002 34.008 34.014 34.020 34.026 34.010 33.993
-99999 -99999 -99999 -99999 -99999 -99999 -99999 -99999 -99999 34.348 34.288 34.269 34.250 34.250 34.251 34.243 34.235 34.229 34.223 34.217 34.211 34.201 34.192 34.182 34.172 34.162 34.151 34.143 34.135 34.131 34.127 34.124 34.122 34.116 34.109 34.102 34.096 34.091 34.087 34.086 34.086 34.082 34.079 34.071 34.063 34.056 34.050 34.044 34.038 34.030 34.023 34.004 33.985 33.992 34.000 34.013 34.027 34.030 34.033 34.037 34.040 34.044 34.047 34.053 34.058 34.063 34.067 34.075 34.083 34.088 34.094
-99999 -99999 -99999 -99999 -99999 -99999 -99999 -99999 -99999 34.386 -99999 34.318 34.297 34.297 34.296 34.286 34.276 34.272 34.269 34.266 34.264 34.256 34.249 34.241 34.232 34.222 34.212 34.204 34.196 34.194 34.192 34.192 34.192 34.184 34.176 34.168 34.160 34.155 34.151 34.150 34.150 34.147 34.144 34.135 34.126 34.118 34.110 34.102 34.094 34.090 34.086 34.076 34.067 34.063 34.060 34.072 34.085 34.088 34.091 34.094 34.098 34.101 34.105 34.110 34.115 34.118 34.121 34.130 34.140 34.167 34.194
-99999 -99999 -99999 -99999 -99999 -99999 -99999 -99999 -99999 -99999 -99999 34.423 34.378 34.368 34.357 34.339 34.321 34.314 34.308 34.308 34.307 34.304 34.302 34.298 34.295 34.286 34.277 34.269 34.262 34.260 34.258 34.261 34.265 34.256 34.247 34.238 34.229 34.223 34.217 34.217 34.217 34.217 34.217 34.206 34.195 34.188 34.180 34.171 34.162 34.156 34.151 34.146 34.140 34.130 34.119 34.136 34.152 34.155 34.158 34.161 34.165 34.168 34.172 34.177 34.182 34.186 34.189 34.199 34.209 34.232 34.256
-99999 -99999 -99999 -99999 -99999 -99999 -99999 -99999 -99999 -99999 -99999 34.529 -99999 34.438 -99999 34.392 34.366 34.357 34.348 34.349 34.351 34.353 34.354 34.356 34.358 34.350 34.343 34.335 34.327 34.325 34.324 34.331 34.337 34.328 34.318 34.308 34.298 34.291 34.284 34.284 34.284 34.287 34.289 34.277 34.264 34.257 34.250 34.240 34.230 34.223 34.216 34.215 34.214 34.196 34.179 34.199 34.220 34.222 34.225 34.228 34.231 34.235 34.239 34.244 34.250 34.253 34.257 34.267 34.278 34.298 34.318
-99999 -99999 -99999 -99999 -99999 -99999 -99999 -99999 -99999 -99999 -99999 -99999 -99999 -99999 -99999 34.497 34.426 34.408 34.390 34.388 34.386 34.388 34.390 34.400 34.411 34.411 34.412 34.405 34.397 34.395 34.393 34.400 34.407 34.398 34.388 34.378 34.367 34.358 34.349 34.347 34.346 34.347 34.348 34.323 34.299 34.306 34.313 34.310 34.306 34.297 34.288 34.285 34.282 34.269 34.256 34.271 34.285 34.288 34.291 34.293 34.296 34.300 34.304 34.308 34.313 34.317 34.321 34.330 34.339 34.353 34.367
-99999 -99999 -99999 -99999 -99999 -99999 -99999 -99999 -99999 -99999 -99999 -99999 -99999 -99999 -99999 34.603 -99999 34.459 34.432 34.427 34.421 34.423 34.425 34.445 34.464 34.472 34.481 34.474 34.468 34.465 34.462 34.470 34.477 34.468 34.458 34.447 34.436 34.425 34.415 34.411 34.408 34.407 34.406 34.370 34.333 34.355 34.376 34.379 34.383 34.371 34.360 34.355 34.350 34.341 34.333 34.342 34.351 34.354 34.356 34.359 34.361 34.364 34.368 34.372 34.377 34.381 34.385 34.392 34.400 34.408 34.417
-99999 -99999 -99999 -99999 -99999 -99999 -99999 -99999 -99999 -99999 -99999 -99999 -99999 -99999 -99999 -99999 -99999 34.552 34.512 34.496 34.481 34.468 34.454 34.479 34.503 34.523 34.543 34.540 34.537 34.535 34.533 34.538 34.544 34.535 34.527 34.515 34.504 34.493 34.483 34.478 34.474 34.470 34.467 34.447 34.427 34.417 34.408 34.421 34.434 34.432 34.430 34.423 34.416 34.411 34.406 34.410 34.415 34.417 34.419 34.421 34.423 34.426 34.429 34.433 34.437 34.440 34.444 34.450 34.457 34.464 34.470
-99999 -99999 -99999 -99999 -99999 -99999 -99999 -99999 -99999 -99999 -99999 -99999 -99999 -99999 -99999 -99999 -99999 34.645 34.591 34.566 34.541 34.512 34.483 34.513 34.542 34.574 34.605 34.606 34.607 34.605 34.604 34.607 34.610 34.602 34.595 34.583 34.572 34.561 34.551 34.545 34.540 34.533 34.527 34.524 34.520 34.480 34.440 34.463 34.486 34.493 34.500 34.491 34.482 34.480 34.479 34.479 34.479 34.480 34.481 34.483 34.484 34.487 34.490 34.493 34.497 34.500 34.503 34.508 34.514 34.519 34.524
-99999 -99999 -99999 -99999 -99999 -99999 -99999 -99999 -99999 -99999 -99999 -99999 -99999 -99999 -99999 -99999 -99999 34.760 34.683 34.624 34.565 34.541 34.518 34.557 34.597 34.634 34.672 34.673 34.674 34.672 34.671 34.673 34.675 34.668 34.661 34.650 34.639 34.630 34.620 34.614 34.608 34.601 34.594 34.589 34.585 34.562 34.540 34.552 34.565 34.574 34.583 34.565 34.547 34.545 34.544 34.544 34.544 34.545 34.546 34.547 34.548 34.550 34.552 34.555 34.558 34.561 34.563 34.568 34.573 34.578 34.583
