230620T130124_230601T165519_230321_sos_CMIP6_ssp370_2071_2101_mean-0p5deg.txt
ncols 719
nrows 359
xllcorner 0.0
yllcorner -89.5
cellsize 0.5
NODATA_value -99999
[rows 224 to 255 of 359, columns 426 to 496 of 719]
35.420 35.436 35.451 35.467 35.483 35.498 35.513 35.528 35.543 35.559 35.574 35.589 35.605 35.621 35.637 35.653 35.669 35.685 35.702 35.719 35.736 35.753 35.770 35.787 35.803 35.820 35.837 35.855 35.872 35.890 35.907 35.924 35.941 35.958 35.975 35.991 36.007 36.023 36.038 36.053 36.067 36.082 36.096 36.109 36.121 36.133 36.144 36.155 36.165 36.175 36.184 36.191 36.198 36.204 36.209 36.212 36.216 36.216 36.217 36.215 36.213 36.209 36.205 36.198 36.192 36.183 36.175 36.164 36.154 36.141 36.129
35.413 35.428 35.442 35.457 35.472 35.487 35.501 35.516 35.530 35.545 35.559 35.575 35.590 35.605 35.620 35.636 35.651 35.667 35.683 35.700 35.717 35.733 35.750 35.766 35.782 35.799 35.815 35.833 35.850 35.867 35.883 35.900 35.917 35.934 35.951 35.967 35.983 35.999 36.015 36.030 36.045 36.059 36.074 36.087 36.100 36.112 36.124 36.135 36.146 36.156 36.165 36.173 36.181 36.187 36.194 36.197 36.201 36.203 36.205 36.204 36.203 36.199 36.196 36.190 36.185 36.177 36.169 36.159 36.149 36.138 36.126
35.406 35.420 35.433 35.448 35.462 35.476 35.489 35.503 35.517 35.531 35.545 35.560 35.574 35.589 35.604 35.619 35.634 35.649 35.665 35.681 35.697 35.713 35.729 35.745 35.761 35.777 35.793 35.810 35.827 35.843 35.860 35.876 35.893 35.910 35.926 35.943 35.959 35.975 35.991 36.007 36.022 36.037 36.052 36.065 36.079 36.092 36.104 36.115 36.127 36.137 36.147 36.155 36.164 36.171 36.178 36.182 36.187 36.190 36.192 36.192 36.192 36.189 36.187 36.182 36.178 36.171 36.164 36.154 36.145 36.134 36.123
35.395 35.408 35.420 35.433 35.446 35.459 35.471 35.484 35.497 35.510 35.524 35.537 35.551 35.565 35.579 35.593 35.608 35.622 35.636 35.651 35.667 35.682 35.697 35.713 35.728 35.744 35.759 35.775 35.792 35.807 35.823 35.839 35.855 35.871 35.887 35.903 35.919 35.935 35.951 35.966 35.981 35.996 36.010 36.024 36.037 36.050 36.062 36.074 36.085 36.095 36.106 36.115 36.123 36.131 36.138 36.143 36.148 36.152 36.155 36.156 36.157 36.155 36.153 36.150 36.146 36.141 36.135 36.127 36.118 36.109 36.099
35.385 35.396 35.408 35.419 35.431 35.442 35.453 35.465 35.477 35.490 35.502 35.515 35.527 35.541 35.554 35.567 35.581 35.595 35.608 35.622 35.636 35.651 35.665 35.680 35.695 35.710 35.725 35.741 35.756 35.771 35.787 35.802 35.818 35.833 35.849 35.864 35.880 35.895 35.911 35.926 35.941 35.955 35.969 35.982 35.996 36.008 36.021 36.032 36.043 36.054 36.064 36.074 36.083 36.090 36.098 36.104 36.109 36.114 36.118 36.120 36.122 36.121 36.120 36.118 36.115 36.111 36.106 36.099 36.092 36.083 36.074
35.373 35.383 35.393 35.404 35.414 35.424 35.433 35.444 35.455 35.466 35.477 35.488 35.500 35.512 35.524 35.536 35.548 35.561 35.573 35.586 35.599 35.613 35.626 35.640 35.654 35.668 35.682 35.697 35.712 35.726 35.740 35.755 35.769 35.784 35.798 35.813 35.828 35.843 35.858 35.872 35.886 35.900 35.913 35.926 35.939 35.951 35.963 35.974 35.985 35.996 36.006 36.015 36.024 36.032 36.039 36.045 36.051 36.056 36.060 36.063 36.065 36.065 36.065 36.064 36.062 36.059 36.055 36.050 36.044 36.036 36.028
35.361 35.370 35.379 35.388 35.397 35.405 35.413 35.423 35.432 35.442 35.452 35.462 35.472 35.483 35.493 35.505 35.516 35.527 35.538 35.550 35.562 35.575 35.588 35.601 35.613 35.627 35.640 35.654 35.667 35.681 35.694 35.708 35.721 35.735 35.748 35.762 35.776 35.790 35.804 35.818 35.832 35.845 35.858 35.870 35.883 35.895 35.906 35.917 35.928 35.938 35.948 35.957 35.966 35.973 35.980 35.986 35.992 35.997 36.002 36.005 36.008 36.009 36.010 36.010 36.009 36.007 36.005 36.000 35.995 35.989 35.982
35.352 35.360 35.367 35.375 35.383 35.389 35.396 35.404 35.413 35.421 35.429 35.437 35.445 35.455 35.464 35.474 35.484 35.493 35.503 35.514 35.524 35.536 35.547 35.558 35.570 35.581 35.593 35.605 35.618 35.630 35.642 35.654 35.666 35.679 35.691 35.704 35.716 35.729 35.742 35.755 35.768 35.780 35.792 35.804 35.816 35.827 35.837 35.847 35.857 35.867 35.876 35.885 35.893 35.900 35.907 35.913 35.918 35.923 35.928 35.931 35.934 35.935 35.936 35.937 35.937 35.936 35.934 35.930 35.926 35.920 35.915
35.344 35.350 35.355 35.362 35.368 35.374 35.379 35.386 35.393 35.399 35.406 35.413 35.419 35.427 35.434 35.443 35.451 35.460 35.468 35.477 35.486 35.496 35.506 35.516 35.526 35.536 35.546 35.557 35.568 35.579 35.590 35.601 35.611 35.623 35.634 35.645 35.656 35.669 35.680 35.692 35.704 35.715 35.726 35.737 35.748 35.758 35.768 35.778 35.787 35.796 35.805 35.813 35.820 35.827 35.833 35.839 35.844 35.848 35.853 35.856 35.860 35.861 35.863 35.864 35.865 35.864 35.863 35.859 35.856 35.851 35.847
35.338 35.343 35.347 35.352 35.357 35.361 35.365 35.370 35.375 35.380 35.385 35.390 35.395 35.401 35.407 35.414 35.421 35.427 35.434 35.441 35.449 35.457 35.465 35.473 35.482 35.490 35.499 35.509 35.518 35.527 35.536 35.545 35.554 35.565 35.575 35.585 35.595 35.605 35.616 35.626 35.636 35.646 35.656 35.666 35.676 35.685 35.694 35.702 35.711 35.719 35.727 35.734 35.741 35.747 35.754 35.758 35.763 35.767 35.771 35.774 35.777 35.778 35.780 35.781 35.781 35.780 35.779 35.775 35.772 35.768 35.763
35.333 35.336 35.339 35.342 35.346 35.348 35.350 35.354 35.357 35.361 35.365 35.368 35.371 35.376 35.380 35.385 35.390 35.395 35.400 35.406 35.411 35.418 35.424 35.431 35.438 35.445 35.452 35.460 35.468 35.475 35.482 35.490 35.498 35.507 35.516 35.525 35.533 35.542 35.551 35.560 35.569 35.578 35.587 35.595 35.603 35.611 35.619 35.627 35.634 35.642 35.649 35.655 35.662 35.668 35.674 35.678 35.681 35.685 35.689 35.691 35.694 35.695 35.697 35.697 35.697 35.696 35.694 35.692 35.688 35.684 35.679
35.327 35.329 35.330 35.332 35.334 35.335 35.336 35.338 35.340 35.342 35.344 35.346 35.347 35.351 35.354 35.357 35.360 35.363 35.366 35.371 35.375 35.379 35.384 35.389 35.394 35.399 35.405 35.411 35.417 35.423 35.428 35.435 35.441 35.448 35.456 35.463 35.470 35.477 35.485 35.492 35.500 35.507 35.515 35.522 35.528 35.535 35.541 35.548 35.555 35.561 35.567 35.572 35.578 35.583 35.589 35.592 35.595 35.598 35.601 35.604 35.606 35.607 35.608 35.608 35.608 35.606 35.605 35.602 35.598 35.594 35.589
35.322 35.322 35.322 35.322 35.322 35.322 35.322 35.322 35.322 35.323 35.323 35.323 35.324 35.325 35.327 35.328 35.330 35.331 35.333 35.336 35.338 35.341 35.344 35.347 35.350 35.354 35.357 35.362 35.366 35.370 35.374 35.379 35.384 35.390 35.396 35.401 35.406 35.412 35.418 35.424 35.430 35.437 35.442 35.448 35.453 35.459 35.464 35.470 35.475 35.480 35.485 35.490 35.494 35.499 35.504 35.506 35.509 35.512 35.514 35.516 35.518 35.519 35.519 35.519 35.518 35.517 35.515 35.512 35.508 35.503 35.498
35.312 35.311 35.309 35.308 35.307 35.306 35.304 35.303 35.302 35.301 35.300 35.299 35.298 35.298 35.298 35.298 35.297 35.298 35.298 35.299 35.300 35.301 35.302 35.304 35.305 35.307 35.309 35.311 35.314 35.317 35.319 35.323 35.326 35.331 35.335 35.339 35.342 35.346 35.350 35.355 35.359 35.364 35.368 35.372 35.376 35.380 35.384 35.388 35.393 35.397 35.400 35.404 35.407 35.411 35.415 35.416 35.418 35.420 35.422 35.424 35.425 35.425 35.425 35.425 35.424 35.422 35.420 35.417 35.414 35.409 35.403
35.302 35.299 35.297 35.294 35.292 35.289 35.287 35.285 35.282 35.279 35.277 35.274 35.272 35.270 35.269 35.267 35.265 35.264 35.263 35.263 35.262 35.262 35.261 35.260 35.260 35.260 35.260 35.261 35.262 35.263 35.264 35.266 35.268 35.271 35.274 35.276 35.278 35.280 35.283 35.286 35.289 35.291 35.294 35.297 35.299 35.302 35.304 35.307 35.311 35.313 35.315 35.318 35.320 35.323 35.326 35.327 35.327 35.329 35.330 35.331 35.332 35.332 35.331 35.330 35.329 35.328 35.326 35.323 35.319 35.314 35.309
35.283 35.279 35.275 35.271 35.268 35.264 35.260 35.257 35.253 35.250 35.246 35.242 35.239 35.236 35.233 35.230 35.227 35.225 35.222 35.221 35.219 35.217 35.215 35.213 35.211 35.209 35.208 35.207 35.206 35.205 35.204 35.205 35.205 35.207 35.209 35.210 35.210 35.211 35.212 35.214 35.215 35.216 35.217 35.219 35.219 35.221 35.221 35.224 35.226 35.227 35.228 35.230 35.231 35.233 35.235 35.235 35.234 35.235 35.235 35.236 35.236 35.235 35.234 35.232 35.231 35.229 35.226 35.223 35.220 35.215 35.210
35.264 35.259 35.253 35.248 35.243 35.238 35.233 35.229 35.225 35.220 35.215 35.210 35.206 35.202 35.198 35.193 35.188 35.185 35.181 35.179 35.175 35.172 35.169 35.165 35.162 35.159 35.155 35.153 35.150 35.148 35.145 35.144 35.143 35.143 35.144 35.143 35.142 35.142 35.142 35.142 35.142 35.141 35.141 35.140 35.140 35.140 35.139 35.140 35.141 35.141 35.141 35.142 35.142 35.143 35.143 35.142 35.141 35.141 35.140 35.140 35.140 35.138 35.136 35.135 35.132 35.130 35.127 35.123 35.120 35.116 35.111
35.227 35.221 35.215 35.209 35.203 35.197 35.192 35.186 35.181 35.175 35.170 35.164 35.159 35.155 35.150 35.144 35.139 35.134 35.129 35.125 35.121 35.116 35.111 35.107 35.102 35.098 35.093 35.090 35.086 35.082 35.078 35.075 35.073 35.072 35.071 35.069 35.067 35.065 35.064 35.063 35.061 35.060 35.058 35.057 35.055 35.054 35.052 35.052 35.051 35.050 35.049 35.049 35.048 35.048 35.048 35.046 35.044 35.043 35.042 35.041 35.040 35.038 35.035 35.033 35.030 35.027 35.024 35.020 35.017 35.013 35.009
35.190 35.183 35.176 35.170 35.163 35.156 35.150 35.143 35.137 35.131 35.125 35.119 35.113 35.107 35.102 35.095 35.089 35.083 35.077 35.072 35.066 35.060 35.054 35.048 35.042 35.037 35.031 35.026 35.021 35.016 35.011 35.007 35.003 35.001 34.998 34.995 34.991 34.989 34.986 34.984 34.981 34.978 34.975 34.973 34.970 34.968 34.965 34.963 34.961 34.959 34.957 34.956 34.954 34.953 34.952 34.950 34.947 34.945 34.943 34.941 34.940 34.937 34.934 34.931 34.927 34.924 34.921 34.917 34.914 34.910 34.906
35.138 35.131 35.123 35.116 35.109 35.101 35.094 35.087 35.080 35.073 35.066 35.059 35.053 35.046 35.040 35.033 35.026 35.019 35.013 35.006 35.000 34.993 34.987 34.980 34.974 34.968 34.961 34.956 34.949 34.944 34.938 34.933 34.928 34.924 34.921 34.916 34.912 34.908 34.904 34.901 34.897 34.893 34.889 34.886 34.882 34.879 34.876 34.873 34.870 34.868 34.865 34.863 34.860 34.859 34.857 34.853 34.850 34.847 34.845 34.842 34.840 34.836 34.832 34.829 34.825 34.822 34.818 34.815 34.811 34.807 34.803
35.086 35.078 35.070 35.062 35.054 35.046 35.038 35.031 35.023 35.015 35.007 35.000 34.993 34.985 34.978 34.970 34.962 34.955 34.948 34.941 34.934 34.927 34.920 34.913 34.906 34.899 34.892 34.885 34.878 34.871 34.865 34.859 34.853 34.848 34.843 34.838 34.832 34.827 34.822 34.817 34.812 34.807 34.802 34.798 34.794 34.791 34.786 34.783 34.779 34.776 34.773 34.770 34.766 34.764 34.761 34.757 34.753 34.750 34.746 34.743 34.740 34.735 34.731 34.727 34.723 34.719 34.716 34.712 34.708 34.704 34.700
35.021 35.012 35.004 34.996 34.988 34.979 34.971 34.963 34.954 34.946 34.938 34.931 34.923 34.915 34.907 34.899 34.891 34.884 34.876 34.869 34.862 34.854 34.847 34.839 34.832 34.824 34.817 34.810 34.802 34.795 34.788 34.782 34.775 34.770 34.764 34.758 34.751 34.746 34.740 34.735 34.729 34.723 34.717 34.713 34.708 34.703 34.699 34.695 34.690 34.686 34.682 34.679 34.674 34.671 34.668 34.663 34.659 34.655 34.651 34.648 34.644 34.639 34.634 34.630 34.626 34.622 34.618 34.614 34.609 34.605 34.601
34.956 34.947 34.937 34.929 34.921 34.912 34.903 34.895 34.886 34.878 34.869 34.861 34.853 34.845 34.836 34.828 34.819 34.812 34.804 34.797 34.789 34.781 34.773 34.765 34.757 34.750 34.742 34.734 34.727 34.719 34.712 34.705 34.698 34.691 34.684 34.678 34.671 34.664 34.658 34.652 34.645 34.639 34.632 34.627 34.622 34.616 34.611 34.606 34.601 34.597 34.592 34.587 34.583 34.579 34.574 34.570 34.565 34.561 34.556 34.552 34.547 34.542 34.537 34.533 34.529 34.525 34.521 34.516 34.511 34.506 34.501
34.885 34.876 34.867 34.858 34.850 34.841 34.831 34.823 34.814 34.806 34.797 34.789 34.781 34.773 34.764 34.756 34.747 34.740 34.732 34.724 34.715 34.707 34.699 34.691 34.683 34.675 34.667 34.659 34.651 34.644 34.636 34.629 34.621 34.614 34.607 34.600 34.592 34.586 34.579 34.572 34.565 34.559 34.551 34.546 34.540 34.534 34.528 34.523 34.517 34.513 34.507 34.502 34.497 34.493 34.488 34.483 34.478 34.474 34.469 34.464 34.460 34.454 34.449 34.445 34.440 34.436 34.432 34.427 34.422 34.417 34.411
34.814 34.805 34.796 34.787 34.778 34.769 34.760 34.751 34.742 34.734 34.725 34.717 34.709 34.701 34.692 34.684 34.675 34.667 34.659 34.650 34.642 34.633 34.625 34.617 34.609 34.601 34.593 34.585 34.576 34.568 34.560 34.553 34.545 34.537 34.530 34.522 34.514 34.507 34.500 34.493 34.485 34.478 34.471 34.464 34.458 34.452 34.446 34.440 34.434 34.429 34.423 34.418 34.412 34.407 34.402 34.397 34.391 34.387 34.382 34.377 34.372 34.366 34.361 34.357 34.352 34.348 34.343 34.338 34.332 34.327 34.321
34.745 34.736 34.727 34.718 34.709 34.700 34.690 34.682 34.673 34.665 34.656 34.648 34.640 34.631 34.623 34.614 34.606 34.598 34.589 34.581 34.572 34.564 34.555 34.547 34.539 34.531 34.523 34.514 34.506 34.498 34.489 34.482 34.474 34.466 34.459 34.451 34.443 34.436 34.428 34.421 34.413 34.406 34.398 34.391 34.384 34.378 34.372 34.366 34.360 34.354 34.348 34.343 34.337 34.332 34.327 34.321 34.315 34.310 34.305 34.300 34.295 34.289 34.284 34.279 34.275 34.270 34.265 34.260 34.254 34.249 34.243
34.676 34.667 34.657 34.648 34.639 34.630 34.621 34.613 34.604 34.596 34.587 34.579 34.571 34.562 34.553 34.545 34.536 34.528 34.520 34.512 34.503 34.494 34.486 34.477 34.469 34.461 34.453 34.444 34.435 34.427 34.419 34.411 34.403 34.395 34.387 34.380 34.371 34.364 34.356 34.349 34.341 34.333 34.325 34.318 34.311 34.305 34.299 34.293 34.286 34.280 34.274 34.268 34.262 34.257 34.252 34.246 34.239 34.234 34.228 34.223 34.218 34.213 34.207 34.202 34.197 34.192 34.187 34.182 34.176 34.171 34.165
34.613 34.604 34.595 34.586 34.577 34.568 34.559 34.550 34.542 34.534 34.525 34.517 34.509 34.500 34.492 34.483 34.475 34.467 34.459 34.450 34.442 34.433 34.425 34.416 34.408 34.399 34.391 34.382 34.373 34.365 34.357 34.349 34.341 34.333 34.325 34.317 34.309 34.302 34.294 34.286 34.278 34.271 34.263 34.256 34.249 34.243 34.236 34.230 34.223 34.217 34.211 34.205 34.199 34.194 34.188 34.182 34.176 34.170 34.165 34.159 34.154 34.148 34.143 34.138 34.133 34.127 34.122 34.117 34.111 34.106 34.100
34.550 34.541 34.532 34.523 34.514 34.505 34.496 34.488 34.480 34.472 34.463 34.455 34.447 34.439 34.430 34.422 34.414 34.406 34.398 34.389 34.381 34.372 34.364 34.355 34.346 34.338 34.329 34.321 34.312 34.303 34.295 34.287 34.279 34.271 34.263 34.255 34.247 34.239 34.232 34.224 34.216 34.208 34.201 34.194 34.187 34.180 34.173 34.167 34.161 34.154 34.148 34.142 34.136 34.130 34.125 34.119 34.112 34.107 34.101 34.095 34.090 34.084 34.078 34.073 34.068 34.062 34.057 34.052 34.046 34.041 34.035
34.497 34.488 34.479 34.470 34.461 34.453 34.444 34.436 34.427 34.419 34.411 34.403 34.395 34.387 34.378 34.370 34.362 34.354 34.346 34.338 34.330 34.321 34.313 34.304 34.296 34.287 34.279 34.270 34.261 34.253 34.245 34.237 34.228 34.221 34.213 34.205 34.197 34.189 34.181 34.174 34.166 34.158 34.151 34.144 34.136 34.130 34.123 34.117 34.110 34.104 34.097 34.091 34.085 34.080 34.074 34.068 34.062 34.056 34.050 34.045 34.039 34.033 34.028 34.022 34.017 34.011 34.006 34.000 33.995 33.990 33.984
34.443 34.435 34.426 34.417 34.408 34.400 34.391 34.383 34.375 34.367 34.359 34.351 34.343 34.335 34.327 34.319 34.311 34.303 34.295 34.287 34.279 34.270 34.262 34.254 34.245 34.237 34.228 34.220 34.211 34.203 34.194 34.186 34.178 34.170 34.162 34.154 34.146 34.139 34.131 34.123 34.116 34.108 34.101 34.094 34.086 34.080 34.073 34.067 34.060 34.053 34.047 34.041 34.035 34.029 34.023 34.018 34.012 34.006 34.000 33.994 33.988 33.983 33.977 33.971 33.965 33.960 33.954 33.949 33.944 33.938 33.933
34.399 34.391 34.382 34.374 34.366 34.357 34.349 34.341 34.333 34.325 34.317 34.309 34.301 34.293 34.285 34.277 34.269 34.262 34.254 34.246 34.238 34.230 34.221 34.213 34.205 34.197 34.188 34.180 34.172 34.164 34.155 34.147 34.139 34.131 34.124 34.116 34.108 34.101 34.093 34.085 34.078 34.070 34.063 34.056 34.049 34.042 34.035 34.028 34.022 34.015 34.009 34.003 33.996 33.991 33.985 33.979 33.973 33.968 33.962 33.956 33.950 33.944 33.938 33.933 33.927 33.922 33.916 33.911 33.905 33.900 33.895
