230620T130225_230601T165519_230321_sos_CMIP6_ssp585_2071_2101_mean-0p5deg.txt
ncols 719
nrows 359
xllcorner 0.0
yllcorner -89.5
cellsize 0.5
NODATA_value -99999
[rows 288 to 319 of 359, columns 355 to 425 of 719]
33.732 33.729 33.727 33.725 33.723 33.721 33.720 33.718 33.717 33.716 33.715 33.713 33.711 33.709 33.707 33.704 33.702 33.699 33.697 33.695 33.692 33.690 33.688 33.685 33.683 33.681 33.679 33.676 33.674 33.672 33.669 33.667 33.665 33.663 33.662 33.660 33.658 33.656 33.654 33.652 33.650 33.648 33.647 33.645 33.644 33.643 33.641 33.640 33.639 33.637 33.637 33.636 33.635 33.634 33.635 33.635 33.634 33.634 33.634 33.633 33.632 33.631 33.631 33.630 33.629 33.629 33.629 33.630 33.631 33.633 33.634
33.724 33.722 33.720 33.718 33.717 33.715 33.713 33.712 33.711 33.710 33.708 33.706 33.704 33.702 33.700 33.698 33.696 33.694 33.692 33.689 33.687 33.685 33.682 33.680 33.678 33.676 33.673 33.671 33.669 33.667 33.665 33.663 33.661 33.660 33.658 33.657 33.655 33.654 33.652 33.651 33.649 33.648 33.646 33.645 33.645 33.644 33.643 33.643 33.642 33.642 33.641 33.641 33.642 33.642 33.644 33.645 33.645 33.646 33.646 33.645 33.645 33.644 33.644 33.644 33.644 33.644 33.645 33.646 33.649 33.651 33.653
33.716 33.714 33.713 33.711 33.710 33.709 33.707 33.706 33.704 33.703 33.702 33.700 33.698 33.696 33.694 33.692 33.690 33.688 33.686 33.684 33.682 33.680 33.677 33.675 33.673 33.670 33.668 33.666 33.664 33.662 33.661 33.659 33.657 33.656 33.655 33.654 33.652 33.651 33.650 33.649 33.648 33.647 33.646 33.645 33.645 33.645 33.645 33.645 33.646 33.646 33.646 33.647 33.649 33.650 33.652 33.655 33.656 33.657 33.657 33.658 33.657 33.657 33.658 33.658 33.659 33.660 33.661 33.663 33.666 33.670 33.672
33.711 33.710 33.709 33.707 33.706 33.705 33.703 33.702 33.700 33.699 33.697 33.696 33.694 33.692 33.690 33.688 33.686 33.684 33.682 33.680 33.678 33.676 33.674 33.672 33.669 33.667 33.665 33.664 33.662 33.660 33.659 33.657 33.657 33.656 33.655 33.654 33.653 33.652 33.652 33.651 33.651 33.650 33.650 33.650 33.650 33.650 33.651 33.651 33.652 33.653 33.654 33.656 33.658 33.660 33.663 33.666 33.668 33.670 33.671 33.672 33.673 33.674 33.676 33.677 33.679 33.681 33.684 33.687 33.691 33.695 33.696
33.707 33.706 33.704 33.703 33.702 33.701 33.699 33.698 33.696 33.695 33.693 33.691 33.689 33.688 33.686 33.684 33.682 33.680 33.678 33.676 33.674 33.672 33.670 33.668 33.666 33.664 33.663 33.661 33.659 33.658 33.657 33.656 33.656 33.655 33.655 33.654 33.654 33.654 33.653 33.653 33.654 33.654 33.654 33.654 33.655 33.655 33.656 33.657 33.659 33.660 33.662 33.664 33.667 33.671 33.674 33.677 33.680 33.683 33.685 33.687 33.689 33.691 33.693 33.696 33.700 33.703 33.707 33.711 33.715 33.719 33.721
33.703 33.702 33.701 33.700 33.698 33.697 33.695 33.694 33.692 33.690 33.689 33.687 33.685 33.684 33.682 33.680 33.678 33.676 33.675 33.673 33.671 33.669 33.668 33.666 33.664 33.663 33.661 33.660 33.659 33.658 33.657 33.657 33.657 33.657 33.657 33.657 33.657 33.657 33.657 33.658 33.658 33.659 33.659 33.660 33.661 33.662 33.663 33.664 33.666 33.667 33.670 33.673 33.676 33.679 33.683 33.687 33.691 33.695 33.698 33.701 33.704 33.707 33.710 33.714 33.718 33.721 33.725 33.730 33.732 33.735 33.732
33.700 33.699 33.697 33.696 33.695 33.693 33.692 33.690 33.688 33.686 33.685 33.683 33.681 33.680 33.678 33.676 33.674 33.672 33.671 33.669 33.668 33.666 33.665 33.664 33.662 33.661 33.660 33.659 33.659 33.658 33.658 33.658 33.658 33.658 33.658 33.659 33.659 33.660 33.661 33.662 33.663 33.664 33.665 33.666 33.667 33.668 33.670 33.671 33.673 33.675 33.678 33.681 33.685 33.688 33.693 33.697 33.702 33.706 33.711 33.715 33.719 33.723 33.727 33.732 33.735 33.739 33.744 33.748 33.749 33.750 33.744
33.696 33.695 33.694 33.693 33.691 33.690 33.688 33.686 33.685 33.683 33.682 33.680 33.678 33.677 33.675 33.673 33.671 33.670 33.668 33.667 33.666 33.665 33.664 33.663 33.662 33.661 33.661 33.660 33.660 33.660 33.660 33.661 33.661 33.662 33.663 33.663 33.664 33.665 33.666 33.667 33.668 33.670 33.671 33.672 33.673 33.675 33.676 33.678 33.681 33.683 33.687 33.690 33.694 33.699 33.704 33.710 33.715 33.721 33.726 33.731 33.735 33.739 33.743 33.747 33.751 33.755 33.758 33.761 33.758 33.756 33.747
33.692 33.692 33.691 33.689 33.688 33.687 33.685 33.683 33.681 33.680 33.678 33.677 33.675 33.674 33.672 33.670 33.668 33.667 33.666 33.665 33.664 33.663 33.663 33.662 33.662 33.662 33.662 33.662 33.662 33.663 33.663 33.664 33.665 33.665 33.667 33.668 33.669 33.670 33.671 33.673 33.674 33.675 33.676 33.678 33.679 33.681 33.683 33.685 33.688 33.692 33.695 33.699 33.704 33.709 33.716 33.722 33.729 33.736 33.742 33.747 33.752 33.756 33.759 33.763 33.766 33.770 33.771 33.773 33.768 33.763 33.751
33.689 33.688 33.687 33.686 33.685 33.684 33.683 33.681 33.680 33.679 33.678 33.676 33.675 33.674 33.672 33.671 33.670 33.669 33.668 33.668 33.667 33.667 33.667 33.667 33.667 33.667 33.667 33.667 33.668 33.668 33.669 33.670 33.671 33.672 33.673 33.675 33.676 33.677 33.678 33.679 33.681 33.682 33.684 33.685 33.687 33.689 33.692 33.695 33.698 33.702 33.706 33.711 33.717 33.722 33.730 33.737 33.744 33.752 33.757 33.763 33.767 33.771 33.773 33.775 33.777 33.779 33.778 33.778 33.772 33.766 33.755
33.685 33.685 33.684 33.683 33.682 33.682 33.681 33.679 33.679 33.678 33.677 33.676 33.675 33.674 33.673 33.672 33.671 33.670 33.670 33.670 33.670 33.670 33.670 33.671 33.671 33.671 33.672 33.673 33.673 33.674 33.675 33.676 33.677 33.678 33.680 33.681 33.682 33.684 33.685 33.686 33.688 33.689 33.691 33.693 33.695 33.698 33.701 33.704 33.708 33.712 33.717 33.722 33.729 33.735 33.744 33.752 33.760 33.767 33.773 33.779 33.782 33.786 33.786 33.787 33.787 33.788 33.785 33.783 33.777 33.770 33.758
33.682 33.682 33.682 33.682 33.682 33.681 33.680 33.680 33.679 33.679 33.678 33.677 33.677 33.676 33.676 33.675 33.675 33.675 33.676 33.676 33.676 33.677 33.677 33.678 33.678 33.679 33.680 33.680 33.681 33.682 33.683 33.684 33.685 33.686 33.687 33.689 33.690 33.692 33.693 33.695 33.697 33.699 33.701 33.704 33.707 33.710 33.713 33.716 33.720 33.724 33.729 33.734 33.740 33.746 33.754 33.762 33.769 33.776 33.781 33.786 33.787 33.789 33.789 33.789 33.788 33.787 33.784 33.781 33.775 33.769 33.759
33.680 33.680 33.681 33.681 33.681 33.680 33.680 33.680 33.680 33.679 33.679 33.679 33.679 33.679 33.679 33.679 33.680 33.680 33.681 33.682 33.682 33.683 33.684 33.685 33.686 33.687 33.687 33.688 33.689 33.690 33.691 33.691 33.692 33.693 33.695 33.696 33.698 33.700 33.701 33.703 33.706 33.708 33.712 33.715 33.719 33.722 33.725 33.729 33.732 33.735 33.740 33.745 33.751 33.757 33.765 33.772 33.779 33.785 33.789 33.792 33.793 33.793 33.791 33.790 33.788 33.787 33.783 33.780 33.774 33.769 33.759
33.679 33.680 33.680 33.681 33.681 33.680 33.680 33.680 33.680 33.680 33.681 33.681 33.681 33.682 33.682 33.683 33.684 33.685 33.686 33.687 33.688 33.689 33.690 33.692 33.693 33.695 33.696 33.698 33.699 33.700 33.701 33.702 33.703 33.705 33.707 33.708 33.710 33.712 33.714 33.716 33.719 33.722 33.725 33.729 33.732 33.735 33.738 33.742 33.745 33.749 33.753 33.758 33.763 33.768 33.775 33.781 33.786 33.791 33.793 33.794 33.794 33.793 33.790 33.788 33.786 33.783 33.780 33.776 33.771 33.767 33.759
33.679 33.680 33.680 33.681 33.681 33.681 33.681 33.681 33.681 33.681 33.682 33.683 33.684 33.684 33.686 33.687 33.688 33.689 33.690 33.692 33.694 33.695 33.697 33.699 33.701 33.703 33.705 33.707 33.708 33.710 33.711 33.713 33.715 33.716 33.718 33.720 33.722 33.724 33.727 33.729 33.732 33.735 33.739 33.742 33.745 33.748 33.752 33.755 33.758 33.762 33.766 33.771 33.775 33.779 33.784 33.789 33.793 33.796 33.796 33.797 33.795 33.793 33.789 33.786 33.783 33.780 33.776 33.773 33.769 33.765 33.758
33.675 33.676 33.676 33.677 33.677 33.677 33.678 33.678 33.679 33.680 33.681 33.682 33.684 33.685 33.687 33.688 33.690 33.691 33.693 33.695 33.698 33.700 33.703 33.706 33.709 33.712 33.715 33.717 33.720 33.722 33.724 33.726 33.728 33.731 33.733 33.735 33.737 33.739 33.742 33.744 33.746 33.749 33.751 33.754 33.756 33.759 33.761 33.764 33.767 33.770 33.774 33.778 33.781 33.784 33.787 33.790 33.792 33.793 33.792 33.791 33.788 33.786 33.782 33.779 33.776 33.773 33.770 33.767 33.764 33.760 33.755
33.671 33.672 33.672 33.673 33.674 33.674 33.675 33.676 33.677 33.679 33.680 33.682 33.684 33.686 33.688 33.690 33.691 33.693 33.696 33.698 33.702 33.705 33.709 33.713 33.717 33.721 33.724 33.728 33.731 33.734 33.737 33.740 33.742 33.745 33.747 33.750 33.752 33.754 33.757 33.759 33.761 33.762 33.764 33.766 33.767 33.769 33.771 33.773 33.776 33.778 33.781 33.785 33.787 33.789 33.790 33.791 33.790 33.790 33.788 33.785 33.782 33.779 33.776 33.772 33.769 33.766 33.764 33.761 33.759 33.756 33.751
33.664 33.665 33.666 33.667 33.669 33.670 33.671 33.673 33.675 33.676 33.678 33.680 33.682 33.685 33.687 33.689 33.692 33.694 33.697 33.700 33.704 33.707 33.712 33.716 33.720 33.725 33.730 33.735 33.739 33.743 33.747 33.750 33.754 33.757 33.760 33.763 33.765 33.768 33.770 33.772 33.773 33.775 33.776 33.777 33.778 33.778 33.779 33.779 33.780 33.781 33.783 33.784 33.784 33.784 33.783 33.782 33.780 33.778 33.775 33.772 33.769 33.766 33.763 33.760 33.758 33.755 33.754 33.752 33.751 33.749 33.746
33.658 33.659 33.660 33.662 33.664 33.666 33.668 33.670 33.672 33.674 33.676 33.679 33.681 33.684 33.687 33.689 33.692 33.695 33.698 33.701 33.706 33.710 33.714 33.719 33.724 33.729 33.735 33.742 33.747 33.752 33.757 33.761 33.765 33.769 33.772 33.775 33.778 33.781 33.783 33.785 33.786 33.787 33.788 33.788 33.788 33.787 33.786 33.785 33.785 33.784 33.784 33.783 33.781 33.779 33.776 33.773 33.770 33.767 33.763 33.759 33.756 33.753 33.750 33.748 33.746 33.745 33.744 33.743 33.743 33.743 33.740
33.654 33.655 33.657 33.659 33.661 33.664 33.666 33.669 33.671 33.674 33.676 33.679 33.682 33.685 33.688 33.691 33.694 33.697 33.701 33.705 33.710 33.714 33.719 33.724 33.729 33.734 33.740 33.746 33.751 33.756 33.760 33.764 33.767 33.770 33.772 33.774 33.776 33.778 33.780 33.781 33.782 33.783 33.783 33.783 33.781 33.780 33.779 33.777 33.775 33.773 33.771 33.769 33.766 33.764 33.761 33.758 33.755 33.751 33.748 33.744 33.741 33.738 33.736 33.734 33.734 33.733 33.733 33.733 33.734 33.734 33.733
33.650 33.652 33.654 33.656 33.659 33.662 33.665 33.668 33.671 33.674 33.677 33.679 33.682 33.685 33.689 33.692 33.696 33.700 33.704 33.709 33.714 33.719 33.724 33.729 33.734 33.739 33.745 33.750 33.755 33.760 33.763 33.766 33.769 33.771 33.772 33.774 33.775 33.776 33.777 33.778 33.778 33.779 33.778 33.777 33.775 33.774 33.771 33.768 33.765 33.762 33.759 33.755 33.752 33.749 33.746 33.743 33.739 33.736 33.732 33.729 33.726 33.724 33.723 33.721 33.721 33.721 33.722 33.723 33.724 33.725 33.725
33.650 33.653 33.655 33.658 33.661 33.664 33.667 33.670 33.674 33.677 33.680 33.683 33.687 33.690 33.694 33.699 33.703 33.708 33.712 33.717 33.721 33.725 33.729 33.733 33.738 33.742 33.746 33.749 33.753 33.756 33.758 33.760 33.761 33.762 33.762 33.763 33.763 33.764 33.764 33.764 33.763 33.763 33.760 33.758 33.755 33.751 33.748 33.745 33.742 33.739 33.736 33.733 33.730 33.728 33.725 33.723 33.720 33.717 33.715 33.712 33.711 33.709 33.709 33.708 33.709 33.709 33.710 33.712 33.713 33.714 33.715
33.651 33.654 33.657 33.659 33.662 33.665 33.669 33.673 33.676 33.680 33.683 33.686 33.691 33.695 33.700 33.705 33.711 33.716 33.720 33.724 33.728 33.732 33.735 33.738 33.741 33.744 33.746 33.749 33.750 33.752 33.752 33.753 33.753 33.753 33.752 33.752 33.752 33.751 33.751 33.750 33.748 33.747 33.742 33.738 33.734 33.729 33.725 33.721 33.719 33.716 33.713 33.711 33.709 33.707 33.705 33.703 33.701 33.699 33.697 33.696 33.695 33.694 33.694 33.695 33.696 33.697 33.699 33.700 33.702 33.704 33.705
33.653 33.655 33.658 33.661 33.664 33.666 33.670 33.675 33.678 33.682 33.685 33.689 33.692 33.696 33.701 33.705 33.709 33.714 33.717 33.720 33.724 33.727 33.729 33.732 33.734 33.736 33.738 33.739 33.740 33.741 33.741 33.741 33.741 33.741 33.741 33.740 33.740 33.739 33.738 33.737 33.735 33.732 33.728 33.723 33.718 33.714 33.710 33.706 33.703 33.701 33.699 33.697 33.695 33.694 33.692 33.691 33.689 33.688 33.686 33.685 33.684 33.684 33.685 33.685 33.686 33.687 33.689 33.691 33.692 33.694 33.695
33.654 33.657 33.660 33.662 33.665 33.667 33.672 33.676 33.680 33.684 33.687 33.691 33.694 33.697 33.701 33.705 33.708 33.711 33.714 33.717 33.719 33.722 33.724 33.725 33.727 33.728 33.729 33.730 33.730 33.730 33.730 33.730 33.730 33.729 33.729 33.729 33.728 33.727 33.726 33.724 33.721 33.717 33.713 33.708 33.703 33.698 33.694 33.690 33.688 33.686 33.684 33.682 33.681 33.680 33.679 33.678 33.677 33.676 33.675 33.674 33.674 33.674 33.675 33.675 33.677 33.678 33.680 33.681 33.683 33.685 33.686
33.653 33.655 33.658 33.660 33.663 33.665 33.668 33.671 33.674 33.676 33.679 33.682 33.685 33.688 33.691 33.694 33.697 33.699 33.702 33.704 33.706 33.708 33.709 33.711 33.712 33.713 33.714 33.715 33.716 33.716 33.717 33.717 33.717 33.718 33.718 33.718 33.718 33.718 33.717 33.715 33.713 33.710 33.706 33.702 33.698 33.693 33.689 33.686 33.683 33.681 33.679 33.677 33.676 33.674 33.673 33.672 33.671 33.670 33.670 33.669 33.669 33.669 33.670 33.670 33.671 33.673 33.674 33.675 33.676 33.677 33.679
33.652 33.653 33.656 33.659 33.661 33.663 33.664 33.665 33.667 33.669 33.671 33.674 33.676 33.678 33.681 33.683 33.685 33.688 33.689 33.691 33.692 33.694 33.695 33.696 33.697 33.699 33.699 33.700 33.701 33.702 33.703 33.704 33.705 33.706 33.707 33.708 33.708 33.708 33.707 33.707 33.705 33.703 33.699 33.696 33.692 33.688 33.685 33.681 33.678 33.676 33.674 33.672 33.670 33.669 33.668 33.666 33.665 33.664 33.664 33.663 33.664 33.664 33.665 33.666 33.666 33.667 33.668 33.669 33.669 33.670 33.671
33.651 33.651 33.653 33.654 33.656 33.657 33.657 33.658 33.659 33.660 33.662 33.663 33.665 33.667 33.669 33.672 33.674 33.676 33.677 33.679 33.681 33.682 33.684 33.685 33.686 33.687 33.688 33.689 33.690 33.691 33.692 33.694 33.695 33.696 33.697 33.698 33.699 33.699 33.699 33.698 33.696 33.695 33.692 33.689 33.686 33.683 33.679 33.676 33.673 33.670 33.668 33.666 33.664 33.663 33.661 33.660 33.659 33.658 33.658 33.658 33.658 33.659 33.659 33.660 33.661 33.661 33.662 33.662 33.662 33.662 33.663
33.649 33.649 33.649 33.650 33.650 33.651 33.651 33.651 33.651 33.651 33.652 33.653 33.654 33.656 33.658 33.660 33.662 33.664 33.666 33.667 33.669 33.671 33.672 33.673 33.674 33.675 33.676 33.677 33.679 33.680 33.682 33.683 33.685 33.686 33.687 33.688 33.689 33.690 33.690 33.689 33.688 33.687 33.685 33.683 33.680 33.677 33.674 33.671 33.668 33.665 33.663 33.661 33.658 33.656 33.655 33.654 33.653 33.653 33.653 33.653 33.653 33.654 33.654 33.655 33.655 33.655 33.655 33.655 33.655 33.654 33.654
33.654 33.653 33.652 33.652 33.651 33.651 33.650 33.649 33.649 33.648 33.649 33.650 33.651 33.653 33.655 33.657 33.659 33.661 33.663 33.665 33.667 33.668 33.670 33.671 33.672 33.674 33.675 33.676 33.676 33.677 33.679 33.680 33.681 33.682 33.683 33.684 33.684 33.684 33.684 33.683 33.682 33.680 33.679 33.677 33.674 33.671 33.669 33.666 33.663 33.660 33.658 33.655 33.653 33.651 33.650 33.648 33.648 33.647 33.647 33.647 33.647 33.647 33.647 33.647 33.647 33.647 33.647 33.647 33.646 33.646 33.645
33.659 33.657 33.655 33.654 33.652 33.651 33.649 33.647 33.646 33.646 33.646 33.647 33.649 33.650 33.652 33.654 33.657 33.659 33.661 33.662 33.664 33.666 33.667 33.669 33.670 33.672 33.673 33.674 33.674 33.675 33.676 33.676 33.677 33.678 33.678 33.679 33.679 33.679 33.677 33.676 33.675 33.674 33.672 33.670 33.668 33.666 33.663 33.661 33.658 33.655 33.653 33.650 33.648 33.646 33.644 33.643 33.642 33.641 33.641 33.641 33.641 33.641 33.640 33.640 33.639 33.639 33.639 33.638 33.637 33.637 33.636
33.658 33.656 33.653 33.651 33.648 33.645 33.642 33.640 33.638 33.637 33.637 33.637 33.639 33.641 33.643 33.646 33.649 33.652 33.656 33.659 33.661 33.664 33.665 33.667 33.668 33.670 33.670 33.671 33.672 33.672 33.672 33.672 33.672 33.673 33.673 33.673 33.672 33.672 33.671 33.670 33.668 33.667 33.665 33.664 33.662 33.660 33.657 33.655 33.653 33.650 33.648 33.645 33.643 33.641 33.639 33.637 33.636 33.635 33.634 33.634 33.633 33.633 33.632 33.631 33.631 33.630 33.629 33.629 33.628 33.627 33.627
