230620T125922_230601T165519_230321_sos_CMIP6_historical_1985_2015_mean-0p5deg.txt
ncols 719
nrows 359
xllcorner 0.0
yllcorner -89.5
cellsize 0.5
NODATA_value -99999
[rows 192 to 223 of 359, columns 142 to 212 of 719]
34.460 34.463 34.467 34.451 34.434 34.428 34.421 34.413 34.404 34.396 34.388 34.381 34.373 34.365 34.358 34.350 34.342 34.334 34.326 34.319 34.312 34.304 34.296 34.288 34.280 34.273 34.265 34.257 34.249 34.240 34.232 34.225 34.218 34.210 34.201 34.193 34.185 34.176 34.167 34.158 34.149 34.140 34.131 34.122 34.113 34.103 34.093 34.083 34.073 34.060 34.047 34.032 34.017 33.998 33.979 33.951 33.923 33.887 33.852 33.799 33.746 33.666 33.586 33.470 33.354 -99999 32.876 -99999 32.040 -99999 -99999
34.458 34.460 34.461 34.445 34.429 34.421 34.413 34.405 34.396 34.388 34.380 34.373 34.365 34.357 34.349 34.341 34.333 34.326 34.318 34.310 34.303 34.295 34.287 34.279 34.270 34.262 34.254 34.246 34.238 34.229 34.220 34.213 34.206 34.197 34.189 34.180 34.172 34.162 34.153 34.144 34.134 34.125 34.116 34.107 34.098 34.088 34.078 34.067 34.057 34.045 34.032 34.018 34.004 33.986 33.969 33.944 33.920 33.888 33.857 33.812 33.767 33.697 33.626 33.525 33.424 33.240 33.057 32.719 32.383 -99999 -99999
34.457 34.456 34.455 34.439 34.423 34.414 34.405 34.397 34.388 34.381 34.373 34.365 34.357 34.349 34.341 34.333 34.325 34.317 34.309 34.301 34.294 34.286 34.278 34.269 34.260 34.252 34.244 34.235 34.227 34.218 34.209 34.201 34.194 34.185 34.176 34.167 34.158 34.149 34.139 34.129 34.120 34.110 34.101 34.092 34.083 34.072 34.062 34.052 34.041 34.029 34.017 34.004 33.990 33.974 33.958 33.937 33.916 33.889 33.862 33.826 33.789 33.727 33.666 33.580 33.494 33.366 33.238 32.981 32.725 -99999 32.818
34.447 34.447 34.446 34.434 34.422 34.409 34.397 34.389 34.380 34.373 34.365 34.357 34.349 34.341 34.333 34.325 34.316 34.308 34.300 34.293 34.285 34.276 34.268 34.259 34.251 34.242 34.233 34.225 34.216 34.207 34.198 34.190 34.182 34.173 34.163 34.154 34.145 34.134 34.124 34.114 34.103 34.094 34.084 34.074 34.064 34.053 34.042 34.031 34.020 34.008 33.995 33.981 33.967 33.952 33.936 33.916 33.896 33.872 33.847 33.815 33.783 33.734 33.684 33.617 33.550 33.459 33.369 33.197 33.025 33.044 33.063
34.437 34.437 34.437 34.428 34.420 34.404 34.388 34.380 34.372 34.365 34.357 34.349 34.341 34.333 34.325 34.316 34.308 34.300 34.292 34.284 34.276 34.267 34.259 34.250 34.241 34.232 34.223 34.214 34.205 34.196 34.187 34.178 34.170 34.160 34.151 34.141 34.131 34.120 34.109 34.098 34.087 34.077 34.066 34.056 34.046 34.034 34.023 34.011 33.999 33.986 33.973 33.959 33.944 33.929 33.913 33.895 33.876 33.854 33.832 33.805 33.778 33.740 33.703 33.654 33.605 33.553 33.501 33.413 33.325 33.316 33.308
34.428 34.427 34.426 34.415 34.404 34.392 34.380 34.372 34.364 34.356 34.348 34.340 34.332 34.324 34.316 34.308 34.299 34.291 34.283 34.275 34.266 34.258 34.249 34.240 34.231 34.222 34.213 34.204 34.195 34.185 34.176 34.167 34.158 34.148 34.138 34.128 34.118 34.106 34.095 34.084 34.073 34.062 34.052 34.041 34.030 34.018 34.006 33.994 33.982 33.969 33.956 33.941 33.927 33.912 33.896 33.879 33.861 33.841 33.821 33.798 33.775 33.745 33.716 33.680 33.644 33.607 33.571 33.515 33.459 33.450 33.442
34.418 34.417 34.416 34.402 34.387 34.379 34.371 34.363 34.355 34.347 34.339 34.331 34.323 34.315 34.307 34.299 34.291 34.282 34.274 34.265 34.257 34.248 34.239 34.230 34.221 34.212 34.203 34.194 34.185 34.175 34.165 34.156 34.147 34.136 34.126 34.115 34.105 34.093 34.081 34.070 34.059 34.048 34.037 34.025 34.014 34.002 33.990 33.977 33.964 33.951 33.938 33.924 33.909 33.894 33.879 33.863 33.846 33.828 33.810 33.791 33.772 33.751 33.729 33.706 33.682 33.662 33.642 33.618 33.594 33.585 33.576
34.409 34.408 34.406 34.395 34.383 34.373 34.362 34.354 34.347 34.339 34.331 34.323 34.316 34.307 34.299 34.291 34.283 34.275 34.266 34.258 34.249 34.240 34.232 34.223 34.214 34.204 34.195 34.186 34.176 34.167 34.157 34.148 34.138 34.128 34.117 34.107 34.096 34.084 34.072 34.061 34.051 34.040 34.028 34.017 34.006 33.994 33.982 33.970 33.957 33.945 33.932 33.919 33.905 33.891 33.878 33.863 33.848 33.833 33.817 33.801 33.785 33.768 33.751 33.734 33.716 33.701 33.686 33.668 33.651 33.642 33.634
34.400 34.398 34.396 34.388 34.379 34.366 34.353 34.346 34.339 34.331 34.323 34.315 34.308 34.300 34.292 34.283 34.275 34.267 34.258 34.250 34.242 34.233 34.224 34.215 34.206 34.197 34.187 34.178 34.168 34.159 34.149 34.139 34.129 34.119 34.108 34.098 34.087 34.075 34.063 34.053 34.042 34.031 34.020 34.009 33.997 33.986 33.974 33.962 33.950 33.938 33.926 33.914 33.901 33.889 33.876 33.863 33.850 33.837 33.824 33.811 33.798 33.786 33.774 33.762 33.750 33.739 33.729 33.718 33.707 33.699 33.691
34.395 34.392 34.390 34.380 34.369 34.359 34.349 34.342 34.335 34.327 34.319 34.312 34.305 34.297 34.289 34.281 34.272 34.264 34.256 34.247 34.239 34.230 34.221 34.213 34.204 34.195 34.185 34.176 34.166 34.157 34.147 34.138 34.128 34.118 34.107 34.097 34.087 34.075 34.064 34.053 34.043 34.032 34.021 34.010 33.999 33.988 33.977 33.966 33.955 33.943 33.932 33.920 33.909 33.897 33.885 33.873 33.861 33.849 33.837 33.825 33.813 33.802 33.790 33.779 33.768 33.758 33.748 33.738 33.727 33.718 33.710
34.389 34.387 34.384 34.372 34.359 34.352 34.344 34.338 34.331 34.323 34.316 34.308 34.301 34.293 34.286 34.278 34.270 34.261 34.253 34.245 34.236 34.228 34.219 34.210 34.201 34.192 34.183 34.174 34.164 34.155 34.146 34.136 34.126 34.116 34.106 34.096 34.086 34.075 34.065 34.054 34.043 34.033 34.022 34.012 34.002 33.991 33.980 33.969 33.959 33.948 33.937 33.927 33.916 33.905 33.894 33.883 33.872 33.861 33.849 33.839 33.828 33.817 33.807 33.797 33.787 33.777 33.767 33.757 33.747 33.737 33.728
34.388 34.385 34.382 34.372 34.362 34.354 34.345 34.338 34.331 34.324 34.317 34.310 34.302 34.295 34.287 34.279 34.271 34.263 34.255 34.246 34.238 34.229 34.221 34.212 34.204 34.195 34.186 34.177 34.168 34.158 34.149 34.140 34.130 34.120 34.111 34.101 34.091 34.081 34.071 34.060 34.050 34.039 34.029 34.019 34.009 33.998 33.988 33.977 33.967 33.956 33.946 33.935 33.925 33.914 33.903 33.892 33.881 33.870 33.859 33.849 33.839 33.828 33.818 33.808 33.798 33.788 33.779 33.769 33.760 33.751 33.742
34.387 34.384 34.381 34.373 34.365 34.355 34.345 34.339 34.332 34.325 34.318 34.311 34.304 34.296 34.288 34.281 34.273 34.265 34.256 34.248 34.240 34.231 34.223 34.215 34.206 34.197 34.188 34.180 34.171 34.162 34.153 34.143 34.134 34.125 34.115 34.106 34.096 34.086 34.076 34.066 34.056 34.046 34.036 34.026 34.016 34.006 33.995 33.985 33.975 33.964 33.954 33.944 33.933 33.922 33.911 33.901 33.890 33.880 33.869 33.859 33.849 33.839 33.829 33.819 33.809 33.800 33.791 33.782 33.773 33.764 33.756
34.392 34.389 34.386 34.377 34.368 34.360 34.352 34.345 34.338 34.331 34.325 34.318 34.311 34.303 34.296 34.288 34.280 34.272 34.264 34.256 34.248 34.239 34.231 34.223 34.215 34.206 34.197 34.188 34.180 34.171 34.162 34.152 34.143 34.134 34.125 34.116 34.106 34.097 34.087 34.077 34.067 34.057 34.048 34.038 34.028 34.018 34.008 33.998 33.987 33.977 33.967 33.957 33.947 33.937 33.926 33.916 33.906 33.896 33.886 33.877 33.867 33.858 33.848 33.839 33.830 33.821 33.813 33.804 33.796 33.788 33.781
34.398 34.394 34.391 34.381 34.371 34.365 34.358 34.351 34.345 34.338 34.331 34.324 34.317 34.310 34.303 34.295 34.288 34.280 34.272 34.264 34.256 34.248 34.239 34.231 34.223 34.214 34.206 34.197 34.189 34.180 34.171 34.162 34.153 34.144 34.135 34.125 34.116 34.107 34.097 34.088 34.078 34.069 34.059 34.049 34.040 34.030 34.020 34.010 34.000 33.990 33.980 33.970 33.961 33.951 33.941 33.931 33.922 33.912 33.903 33.894 33.885 33.876 33.867 33.859 33.850 33.842 33.834 33.827 33.819 33.812 33.805
34.410 34.407 34.404 34.394 34.385 34.378 34.372 34.366 34.359 34.353 34.346 34.339 34.332 34.325 34.318 34.311 34.303 34.295 34.288 34.280 34.272 34.264 34.256 34.248 34.240 34.231 34.223 34.214 34.206 34.197 34.188 34.179 34.170 34.161 34.152 34.143 34.134 34.125 34.116 34.106 34.097 34.087 34.078 34.069 34.059 34.050 34.040 34.031 34.021 34.012 34.002 33.993 33.984 33.975 33.966 33.957 33.948 33.939 33.931 33.922 33.914 33.906 33.898 33.890 33.882 33.875 33.868 33.861 33.854 33.848 33.841
34.422 34.419 34.417 34.408 34.398 34.392 34.386 34.380 34.374 34.367 34.361 34.354 34.347 34.340 34.334 34.326 34.319 34.311 34.303 34.296 34.288 34.280 34.272 34.264 34.256 34.248 34.240 34.231 34.223 34.214 34.206 34.197 34.188 34.179 34.170 34.161 34.152 34.143 34.134 34.125 34.115 34.106 34.097 34.088 34.079 34.069 34.060 34.051 34.042 34.033 34.024 34.016 34.007 33.999 33.990 33.982 33.974 33.966 33.958 33.950 33.943 33.936 33.928 33.921 33.915 33.908 33.901 33.895 33.889 33.883 33.877
34.442 34.439 34.437 34.430 34.423 34.415 34.408 34.402 34.396 34.390 34.384 34.377 34.371 34.364 34.358 34.350 34.343 34.336 34.329 34.321 34.314 34.306 34.299 34.291 34.283 34.275 34.267 34.258 34.250 34.242 34.233 34.224 34.215 34.207 34.198 34.189 34.180 34.171 34.162 34.153 34.144 34.135 34.126 34.117 34.108 34.099 34.091 34.082 34.073 34.065 34.057 34.049 34.041 34.033 34.025 34.018 34.010 34.003 33.996 33.989 33.982 33.975 33.969 33.963 33.957 33.951 33.945 33.940 33.934 33.930 33.925
34.461 34.460 34.458 34.453 34.447 34.438 34.429 34.424 34.418 34.412 34.407 34.400 34.394 34.388 34.382 34.375 34.368 34.361 34.354 34.347 34.339 34.332 34.325 34.317 34.310 34.302 34.294 34.285 34.277 34.269 34.260 34.252 34.243 34.234 34.226 34.217 34.208 34.199 34.191 34.182 34.173 34.164 34.156 34.147 34.138 34.129 34.121 34.113 34.105 34.097 34.089 34.082 34.075 34.067 34.060 34.053 34.046 34.040 34.034 34.027 34.021 34.016 34.010 34.004 33.999 33.994 33.989 33.984 33.980 33.976 33.972
34.489 34.487 34.486 34.481 34.477 34.468 34.459 34.454 34.449 34.443 34.438 34.432 34.426 34.421 34.415 34.408 34.402 34.396 34.389 34.382 34.375 34.368 34.361 34.354 34.347 34.339 34.331 34.323 34.316 34.307 34.299 34.291 34.282 34.274 34.265 34.257 34.248 34.239 34.231 34.222 34.214 34.205 34.197 34.188 34.179 34.171 34.163 34.155 34.148 34.140 34.133 34.126 34.119 34.113 34.106 34.100 34.094 34.089 34.083 34.078 34.073 34.067 34.062 34.058 34.053 34.049 34.044 34.040 34.036 34.033 34.030
34.516 34.515 34.514 34.510 34.507 34.498 34.489 34.484 34.479 34.474 34.469 34.464 34.459 34.453 34.448 34.442 34.436 34.430 34.424 34.418 34.411 34.404 34.398 34.391 34.384 34.376 34.369 34.361 34.354 34.346 34.338 34.330 34.322 34.313 34.305 34.297 34.288 34.280 34.271 34.263 34.254 34.246 34.238 34.229 34.221 34.213 34.205 34.198 34.190 34.183 34.176 34.170 34.164 34.158 34.152 34.147 34.142 34.137 34.133 34.128 34.124 34.119 34.115 34.111 34.107 34.103 34.099 34.096 34.092 34.090 34.088
34.552 34.552 34.551 34.548 34.545 34.536 34.528 34.523 34.519 34.515 34.510 34.505 34.500 34.495 34.491 34.485 34.480 34.474 34.469 34.462 34.457 34.450 34.444 34.437 34.431 34.424 34.417 34.410 34.403 34.395 34.388 34.380 34.372 34.364 34.356 34.348 34.340 34.331 34.323 34.315 34.306 34.298 34.290 34.282 34.274 34.266 34.259 34.251 34.244 34.238 34.231 34.225 34.220 34.215 34.210 34.205 34.201 34.197 34.193 34.189 34.186 34.182 34.178 34.175 34.172 34.168 34.165 34.163 34.160 34.159 34.157
34.588 34.588 34.588 34.586 34.584 34.575 34.566 34.563 34.559 34.555 34.551 34.546 34.542 34.538 34.533 34.528 34.524 34.518 34.513 34.507 34.502 34.496 34.490 34.484 34.478 34.471 34.465 34.458 34.452 34.444 34.437 34.430 34.422 34.415 34.407 34.399 34.391 34.383 34.375 34.367 34.359 34.351 34.343 34.335 34.327 34.320 34.312 34.305 34.298 34.292 34.286 34.281 34.275 34.271 34.267 34.263 34.259 34.256 34.253 34.250 34.247 34.244 34.242 34.239 34.236 34.234 34.231 34.230 34.228 34.227 34.227
34.633 34.633 34.634 34.631 34.627 34.620 34.614 34.611 34.608 34.604 34.600 34.596 34.592 34.588 34.584 34.580 34.575 34.570 34.566 34.560 34.555 34.550 34.545 34.539 34.533 34.527 34.522 34.515 34.509 34.503 34.496 34.489 34.482 34.475 34.467 34.460 34.452 34.444 34.437 34.429 34.421 34.413 34.406 34.398 34.391 34.384 34.377 34.370 34.363 34.357 34.351 34.346 34.341 34.337 34.333 34.329 34.326 34.323 34.320 34.318 34.315 34.313 34.311 34.308 34.307 34.305 34.303 34.302 34.301 34.302 34.302
34.678 34.679 34.680 34.675 34.670 34.666 34.662 34.659 34.656 34.652 34.649 34.645 34.642 34.638 34.635 34.631 34.627 34.622 34.618 34.613 34.609 34.604 34.599 34.594 34.589 34.584 34.578 34.573 34.567 34.561 34.555 34.548 34.542 34.535 34.528 34.521 34.514 34.506 34.498 34.491 34.484 34.476 34.469 34.462 34.454 34.448 34.441 34.434 34.428 34.422 34.416 34.411 34.407 34.403 34.399 34.396 34.393 34.390 34.388 34.385 34.383 34.381 34.380 34.378 34.377 34.376 34.375 34.375 34.375 34.376 34.377
34.732 34.734 34.736 34.734 34.731 34.725 34.718 34.715 34.713 34.710 34.706 34.703 34.700 34.697 34.693 34.690 34.687 34.682 34.678 34.674 34.670 34.665 34.661 34.657 34.652 34.647 34.643 34.638 34.633 34.627 34.622 34.615 34.609 34.603 34.596 34.589 34.583 34.575 34.568 34.561 34.554 34.547 34.540 34.533 34.526 34.519 34.513 34.506 34.500 34.494 34.489 34.484 34.479 34.475 34.471 34.468 34.465 34.462 34.460 34.458 34.456 34.454 34.452 34.451 34.450 34.449 34.448 34.449 34.449 34.450 34.451
34.786 34.789 34.792 34.792 34.793 34.784 34.775 34.772 34.770 34.767 34.764 34.761 34.758 34.755 34.752 34.749 34.746 34.742 34.738 34.734 34.731 34.727 34.723 34.719 34.715 34.711 34.707 34.703 34.698 34.693 34.688 34.682 34.677 34.670 34.664 34.658 34.652 34.645 34.638 34.631 34.625 34.618 34.611 34.604 34.598 34.591 34.585 34.579 34.573 34.567 34.561 34.557 34.552 34.548 34.544 34.540 34.537 34.535 34.532 34.530 34.528 34.526 34.525 34.524 34.523 34.522 34.522 34.522 34.523 34.524 34.525
34.849 34.852 34.855 34.857 34.858 34.849 34.839 34.837 34.835 34.832 34.830 34.827 34.824 34.821 34.818 34.816 34.813 34.809 34.805 34.802 34.798 34.795 34.792 34.788 34.785 34.781 34.777 34.773 34.769 34.765 34.760 34.755 34.749 34.743 34.738 34.732 34.726 34.719 34.712 34.706 34.700 34.693 34.687 34.680 34.674 34.667 34.661 34.655 34.649 34.643 34.638 34.634 34.629 34.625 34.621 34.617 34.614 34.611 34.609 34.606 34.604 34.602 34.601 34.600 34.599 34.598 34.597 34.597 34.597 34.597 34.597
34.912 34.915 34.919 34.921 34.923 34.913 34.904 34.902 34.900 34.898 34.895 34.892 34.890 34.887 34.885 34.882 34.880 34.876 34.872 34.869 34.866 34.863 34.860 34.857 34.854 34.851 34.847 34.844 34.840 34.836 34.832 34.827 34.822 34.816 34.811 34.805 34.800 34.793 34.787 34.781 34.775 34.768 34.762 34.756 34.749 34.743 34.737 34.731 34.725 34.720 34.715 34.710 34.706 34.702 34.698 34.694 34.691 34.688 34.685 34.683 34.680 34.679 34.677 34.675 34.674 34.673 34.671 34.671 34.670 34.670 34.670
34.980 34.984 34.988 34.987 34.986 34.980 34.975 34.973 34.971 34.968 34.966 34.964 34.961 34.959 34.956 34.954 34.952 34.948 34.945 34.942 34.939 34.936 34.933 34.930 34.928 34.924 34.921 34.918 34.915 34.911 34.907 34.902 34.897 34.891 34.886 34.881 34.876 34.869 34.863 34.857 34.852 34.845 34.839 34.833 34.827 34.820 34.814 34.809 34.803 34.798 34.793 34.789 34.785 34.781 34.777 34.773 34.770 34.767 34.764 34.761 34.759 34.756 34.755 34.753 34.751 34.749 34.746 34.745 34.743 34.741 34.740
35.048 35.053 35.057 35.053 35.048 35.047 35.045 35.043 35.042 35.039 35.037 35.035 35.033 35.030 35.028 35.026 35.024 35.020 35.017 35.014 35.012 35.009 35.007 35.004 35.001 34.998 34.995 34.992 34.989 34.985 34.982 34.977 34.972 34.967 34.962 34.956 34.951 34.945 34.940 34.934 34.929 34.922 34.916 34.910 34.904 34.898 34.892 34.886 34.881 34.876 34.871 34.867 34.863 34.859 34.855 34.852 34.848 34.845 34.842 34.839 34.837 34.834 34.832 34.830 34.828 34.824 34.821 34.819 34.816 34.813 34.810
35.120 35.124 35.128 35.127 35.127 35.122 35.118 35.117 35.115 35.114 35.112 35.110 35.108 35.106 35.103 35.101 35.099 35.096 35.094 35.091 35.088 35.086 35.083 35.081 35.078 35.075 35.072 35.069 35.066 35.063 35.059 35.054 35.049 35.044 35.039 35.034 35.029 35.023 35.017 35.011 35.006 34.999 34.993 34.987 34.981 34.975 34.969 34.963 34.958 34.953 34.948 34.944 34.940 34.937 34.933 34.929 34.926 34.923 34.920 34.917 34.914 34.911 34.909 34.905 34.903 34.898 34.894 34.890 34.885 34.880 34.876
