230620T130124_230601T165519_230321_sos_CMIP6_ssp370_2071_2101_mean-0p5deg.txt
ncols 719
nrows 359
xllcorner 0.0
yllcorner -89.5
cellsize 0.5
NODATA_value -99999
[rows 288 to 319 of 359, columns 355 to 425 of 719]
33.743 33.742 33.740 33.738 33.736 33.734 33.733 33.731 33.730 33.729 33.727 33.726 33.724 33.723 33.721 33.719 33.717 33.715 33.713 33.711 33.709 33.708 33.706 33.705 33.704 33.702 33.701 33.700 33.699 33.698 33.697 33.696 33.695 33.694 33.694 33.693 33.693 33.692 33.692 33.691 33.691 33.691 33.690 33.690 33.690 33.689 33.689 33.688 33.687 33.686 33.686 33.685 33.685 33.684 33.684 33.684 33.683 33.682 33.681 33.680 33.679 33.678 33.677 33.677 33.676 33.676 33.676 33.676 33.677 33.678 33.679
33.735 33.734 33.732 33.731 33.729 33.728 33.726 33.725 33.724 33.722 33.721 33.720 33.718 33.717 33.715 33.714 33.712 33.710 33.709 33.708 33.706 33.705 33.704 33.702 33.701 33.700 33.699 33.698 33.697 33.696 33.695 33.694 33.693 33.693 33.692 33.692 33.692 33.691 33.691 33.691 33.691 33.690 33.690 33.690 33.690 33.689 33.689 33.689 33.688 33.688 33.688 33.688 33.688 33.689 33.689 33.689 33.689 33.689 33.688 33.688 33.687 33.686 33.686 33.685 33.685 33.686 33.686 33.687 33.688 33.690 33.691
33.727 33.726 33.725 33.724 33.722 33.721 33.720 33.718 33.717 33.716 33.715 33.714 33.712 33.711 33.710 33.708 33.707 33.706 33.705 33.704 33.703 33.702 33.701 33.700 33.699 33.698 33.697 33.695 33.695 33.694 33.693 33.692 33.692 33.692 33.691 33.691 33.691 33.691 33.690 33.690 33.690 33.690 33.690 33.690 33.690 33.690 33.690 33.690 33.690 33.690 33.691 33.691 33.692 33.693 33.694 33.695 33.695 33.696 33.696 33.695 33.695 33.694 33.694 33.694 33.695 33.695 33.696 33.698 33.700 33.702 33.703
33.723 33.722 33.721 33.720 33.719 33.718 33.717 33.716 33.715 33.714 33.713 33.712 33.710 33.709 33.708 33.707 33.706 33.705 33.704 33.703 33.702 33.701 33.700 33.699 33.698 33.697 33.696 33.696 33.695 33.694 33.694 33.693 33.693 33.693 33.693 33.692 33.692 33.692 33.692 33.692 33.692 33.692 33.692 33.692 33.692 33.692 33.692 33.693 33.693 33.694 33.695 33.696 33.697 33.699 33.700 33.702 33.703 33.704 33.705 33.705 33.706 33.706 33.707 33.708 33.710 33.712 33.714 33.716 33.719 33.721 33.722
33.718 33.717 33.717 33.716 33.715 33.715 33.714 33.713 33.712 33.711 33.710 33.709 33.708 33.708 33.707 33.706 33.705 33.704 33.703 33.702 33.701 33.701 33.700 33.699 33.698 33.697 33.696 33.696 33.695 33.695 33.695 33.694 33.694 33.694 33.694 33.694 33.694 33.693 33.693 33.693 33.693 33.694 33.694 33.694 33.694 33.695 33.695 33.696 33.696 33.697 33.699 33.700 33.702 33.704 33.706 33.708 33.710 33.712 33.714 33.715 33.717 33.718 33.720 33.722 33.725 33.728 33.731 33.734 33.737 33.741 33.742
33.715 33.715 33.714 33.714 33.713 33.713 33.712 33.711 33.711 33.710 33.709 33.709 33.708 33.707 33.707 33.706 33.705 33.704 33.703 33.702 33.702 33.701 33.700 33.699 33.699 33.698 33.697 33.697 33.697 33.696 33.696 33.696 33.696 33.696 33.696 33.696 33.696 33.695 33.696 33.696 33.696 33.696 33.697 33.697 33.698 33.698 33.699 33.700 33.701 33.702 33.704 33.705 33.708 33.710 33.713 33.716 33.718 33.721 33.724 33.726 33.729 33.731 33.734 33.737 33.741 33.745 33.748 33.752 33.754 33.755 33.754
33.712 33.712 33.711 33.711 33.711 33.710 33.710 33.710 33.709 33.709 33.709 33.708 33.708 33.707 33.706 33.706 33.705 33.704 33.703 33.702 33.702 33.701 33.701 33.700 33.699 33.699 33.699 33.698 33.698 33.698 33.698 33.698 33.697 33.697 33.697 33.697 33.697 33.698 33.698 33.698 33.699 33.699 33.700 33.700 33.701 33.702 33.703 33.704 33.705 33.706 33.709 33.711 33.713 33.716 33.719 33.723 33.727 33.730 33.734 33.738 33.741 33.744 33.748 33.753 33.757 33.761 33.765 33.769 33.770 33.770 33.766
33.711 33.711 33.711 33.710 33.710 33.710 33.710 33.710 33.710 33.710 33.710 33.709 33.709 33.708 33.708 33.707 33.706 33.705 33.705 33.704 33.703 33.703 33.702 33.702 33.701 33.701 33.701 33.700 33.700 33.700 33.700 33.700 33.700 33.700 33.700 33.700 33.700 33.701 33.701 33.701 33.702 33.703 33.703 33.704 33.705 33.706 33.707 33.708 33.710 33.712 33.715 33.718 33.721 33.725 33.729 33.734 33.739 33.744 33.748 33.753 33.757 33.760 33.764 33.768 33.772 33.776 33.778 33.781 33.779 33.776 33.769
33.709 33.710 33.710 33.710 33.710 33.710 33.710 33.710 33.711 33.711 33.711 33.710 33.710 33.709 33.709 33.708 33.707 33.706 33.706 33.705 33.705 33.704 33.704 33.704 33.703 33.703 33.703 33.702 33.702 33.702 33.702 33.702 33.702 33.702 33.702 33.702 33.703 33.703 33.704 33.705 33.705 33.706 33.707 33.707 33.709 33.710 33.712 33.713 33.716 33.718 33.721 33.725 33.729 33.733 33.739 33.744 33.751 33.757 33.762 33.768 33.772 33.776 33.780 33.783 33.787 33.790 33.791 33.792 33.787 33.783 33.773
33.710 33.711 33.711 33.712 33.712 33.713 33.713 33.713 33.714 33.714 33.714 33.714 33.713 33.713 33.712 33.711 33.711 33.710 33.710 33.709 33.709 33.709 33.708 33.708 33.708 33.707 33.707 33.706 33.706 33.706 33.706 33.706 33.706 33.706 33.707 33.707 33.708 33.709 33.709 33.710 33.711 33.712 33.713 33.714 33.715 33.717 33.719 33.721 33.724 33.727 33.731 33.735 33.740 33.745 33.752 33.759 33.765 33.772 33.778 33.783 33.787 33.790 33.793 33.795 33.796 33.798 33.797 33.796 33.791 33.786 33.776
33.711 33.712 33.713 33.714 33.715 33.715 33.716 33.716 33.717 33.717 33.717 33.717 33.716 33.716 33.715 33.715 33.714 33.714 33.714 33.713 33.713 33.713 33.713 33.712 33.712 33.711 33.711 33.710 33.710 33.710 33.710 33.710 33.710 33.711 33.711 33.712 33.713 33.714 33.714 33.715 33.716 33.717 33.718 33.720 33.722 33.724 33.726 33.729 33.732 33.736 33.740 33.745 33.751 33.757 33.765 33.773 33.780 33.788 33.793 33.798 33.801 33.804 33.805 33.806 33.806 33.806 33.803 33.800 33.794 33.789 33.778
33.714 33.715 33.716 33.717 33.718 33.719 33.720 33.720 33.720 33.721 33.721 33.720 33.720 33.720 33.720 33.719 33.719 33.719 33.718 33.718 33.718 33.718 33.718 33.718 33.718 33.718 33.717 33.717 33.717 33.717 33.717 33.717 33.717 33.718 33.719 33.720 33.720 33.721 33.723 33.724 33.725 33.727 33.729 33.731 33.733 33.735 33.738 33.741 33.744 33.747 33.752 33.757 33.763 33.769 33.776 33.783 33.790 33.797 33.801 33.805 33.807 33.808 33.808 33.807 33.806 33.805 33.802 33.799 33.793 33.788 33.778
33.718 33.719 33.720 33.721 33.722 33.723 33.723 33.724 33.724 33.724 33.724 33.724 33.724 33.724 33.724 33.724 33.723 33.723 33.723 33.723 33.723 33.723 33.723 33.724 33.724 33.724 33.724 33.724 33.724 33.724 33.724 33.724 33.725 33.725 33.726 33.727 33.728 33.729 33.731 33.732 33.734 33.736 33.739 33.741 33.744 33.747 33.750 33.753 33.756 33.759 33.764 33.768 33.774 33.780 33.787 33.793 33.800 33.806 33.809 33.813 33.813 33.813 33.810 33.808 33.806 33.804 33.800 33.797 33.792 33.787 33.778
33.722 33.723 33.724 33.725 33.726 33.726 33.727 33.727 33.727 33.728 33.728 33.728 33.728 33.728 33.728 33.728 33.728 33.728 33.729 33.729 33.729 33.730 33.731 33.731 33.732 33.733 33.733 33.734 33.734 33.735 33.735 33.736 33.736 33.737 33.738 33.739 33.741 33.742 33.744 33.745 33.748 33.750 33.752 33.755 33.758 33.760 33.763 33.766 33.769 33.773 33.777 33.781 33.786 33.791 33.797 33.802 33.807 33.812 33.813 33.815 33.814 33.812 33.809 33.805 33.802 33.799 33.796 33.793 33.788 33.784 33.776
33.727 33.728 33.729 33.729 33.730 33.730 33.730 33.731 33.731 33.731 33.731 33.731 33.732 33.732 33.732 33.733 33.733 33.733 33.734 33.735 33.736 33.736 33.738 33.739 33.740 33.742 33.743 33.744 33.745 33.746 33.746 33.747 33.748 33.749 33.750 33.752 33.753 33.755 33.757 33.759 33.761 33.763 33.766 33.769 33.771 33.774 33.776 33.779 33.783 33.787 33.790 33.794 33.798 33.802 33.807 33.811 33.814 33.818 33.818 33.817 33.815 33.812 33.807 33.802 33.799 33.795 33.792 33.788 33.784 33.780 33.774
33.729 33.730 33.730 33.731 33.731 33.731 33.732 33.732 33.732 33.732 33.732 33.733 33.734 33.734 33.735 33.736 33.736 33.737 33.738 33.739 33.741 33.743 33.745 33.747 33.749 33.751 33.754 33.756 33.757 33.759 33.760 33.761 33.763 33.764 33.766 33.768 33.769 33.771 33.772 33.774 33.776 33.778 33.779 33.781 33.783 33.785 33.787 33.790 33.792 33.795 33.799 33.802 33.805 33.808 33.810 33.813 33.814 33.814 33.812 33.810 33.807 33.803 33.798 33.793 33.790 33.786 33.782 33.779 33.776 33.772 33.767
33.731 33.731 33.732 33.732 33.732 33.733 33.733 33.733 33.733 33.733 33.734 33.734 33.735 33.736 33.737 33.738 33.739 33.740 33.742 33.744 33.746 33.749 33.752 33.755 33.758 33.761 33.764 33.767 33.770 33.772 33.774 33.776 33.778 33.780 33.782 33.784 33.785 33.787 33.788 33.790 33.791 33.792 33.793 33.794 33.795 33.797 33.798 33.800 33.802 33.804 33.807 33.810 33.812 33.814 33.814 33.814 33.813 33.811 33.807 33.803 33.799 33.795 33.790 33.784 33.780 33.776 33.773 33.770 33.767 33.764 33.759
33.730 33.730 33.730 33.731 33.731 33.732 33.732 33.733 33.733 33.734 33.735 33.736 33.737 33.738 33.740 33.741 33.742 33.744 33.746 33.748 33.751 33.754 33.757 33.760 33.764 33.768 33.772 33.777 33.780 33.783 33.786 33.788 33.790 33.793 33.795 33.797 33.799 33.800 33.802 33.803 33.804 33.804 33.805 33.805 33.805 33.805 33.805 33.805 33.805 33.806 33.807 33.808 33.808 33.808 33.806 33.804 33.801 33.798 33.793 33.788 33.784 33.779 33.775 33.770 33.767 33.763 33.761 33.759 33.756 33.754 33.750
33.728 33.728 33.729 33.729 33.730 33.731 33.732 33.733 33.734 33.735 33.736 33.737 33.739 33.740 33.742 33.744 33.745 33.747 33.750 33.752 33.755 33.758 33.762 33.766 33.771 33.775 33.780 33.786 33.790 33.794 33.797 33.801 33.803 33.806 33.808 33.810 33.812 33.814 33.815 33.817 33.817 33.817 33.816 33.816 33.814 33.813 33.811 33.810 33.809 33.808 33.807 33.807 33.804 33.802 33.798 33.794 33.789 33.784 33.779 33.773 33.769 33.764 33.760 33.756 33.753 33.751 33.749 33.747 33.746 33.744 33.741
33.726 33.727 33.727 33.728 33.730 33.731 33.732 33.733 33.735 33.736 33.737 33.739 33.741 33.743 33.745 33.747 33.750 33.752 33.755 33.759 33.762 33.766 33.770 33.774 33.778 33.782 33.787 33.791 33.795 33.799 33.801 33.804 33.806 33.807 33.808 33.810 33.811 33.812 33.812 33.813 33.813 33.812 33.811 33.810 33.808 33.806 33.804 33.801 33.799 33.797 33.794 33.792 33.788 33.784 33.780 33.776 33.771 33.766 33.760 33.755 33.751 33.746 33.743 33.740 33.738 33.736 33.735 33.733 33.732 33.731 33.729
33.724 33.725 33.726 33.727 33.729 33.731 33.732 33.734 33.736 33.737 33.739 33.741 33.743 33.745 33.748 33.750 33.754 33.757 33.761 33.765 33.769 33.774 33.778 33.781 33.785 33.789 33.793 33.797 33.800 33.803 33.805 33.807 33.808 33.809 33.809 33.809 33.809 33.809 33.809 33.809 33.808 33.808 33.806 33.804 33.802 33.799 33.796 33.793 33.789 33.785 33.781 33.776 33.772 33.767 33.762 33.758 33.752 33.747 33.742 33.737 33.733 33.729 33.727 33.724 33.723 33.721 33.720 33.719 33.719 33.718 33.716
33.730 33.731 33.732 33.733 33.735 33.736 33.738 33.740 33.742 33.744 33.746 33.748 33.751 33.754 33.758 33.761 33.765 33.769 33.772 33.776 33.779 33.783 33.785 33.788 33.790 33.792 33.795 33.797 33.799 33.801 33.801 33.802 33.802 33.802 33.801 33.801 33.800 33.799 33.798 33.797 33.795 33.793 33.790 33.786 33.783 33.779 33.775 33.770 33.766 33.762 33.758 33.754 33.750 33.746 33.741 33.737 33.733 33.728 33.723 33.719 33.716 33.712 33.710 33.708 33.707 33.706 33.705 33.704 33.704 33.703 33.702
33.736 33.737 33.738 33.739 33.740 33.742 33.744 33.746 33.749 33.751 33.753 33.756 33.759 33.763 33.767 33.772 33.776 33.781 33.784 33.787 33.789 33.791 33.793 33.794 33.795 33.796 33.797 33.798 33.798 33.798 33.798 33.797 33.796 33.795 33.793 33.792 33.790 33.789 33.787 33.785 33.781 33.778 33.773 33.768 33.763 33.758 33.753 33.748 33.744 33.740 33.736 33.732 33.728 33.724 33.721 33.717 33.713 33.709 33.705 33.701 33.698 33.696 33.694 33.692 33.691 33.690 33.689 33.689 33.689 33.688 33.688
33.741 33.743 33.744 33.746 33.747 33.749 33.751 33.754 33.756 33.759 33.761 33.763 33.765 33.768 33.771 33.775 33.777 33.780 33.782 33.784 33.786 33.788 33.788 33.789 33.789 33.790 33.790 33.791 33.790 33.790 33.789 33.789 33.787 33.786 33.785 33.783 33.781 33.780 33.777 33.774 33.770 33.766 33.760 33.754 33.749 33.743 33.738 33.732 33.728 33.724 33.721 33.717 33.714 33.710 33.707 33.703 33.700 33.696 33.693 33.690 33.687 33.685 33.683 33.682 33.681 33.680 33.679 33.679 33.679 33.679 33.679
33.747 33.749 33.751 33.752 33.754 33.755 33.759 33.762 33.764 33.767 33.768 33.770 33.771 33.773 33.775 33.777 33.779 33.780 33.781 33.782 33.783 33.784 33.784 33.784 33.784 33.784 33.784 33.783 33.783 33.782 33.781 33.780 33.779 33.778 33.776 33.775 33.772 33.770 33.767 33.763 33.759 33.754 33.747 33.740 33.734 33.728 33.722 33.717 33.713 33.709 33.706 33.702 33.699 33.696 33.693 33.690 33.687 33.684 33.681 33.678 33.676 33.674 33.672 33.671 33.671 33.670 33.669 33.669 33.669 33.669 33.669
33.747 33.748 33.750 33.752 33.753 33.755 33.757 33.758 33.760 33.761 33.762 33.764 33.765 33.766 33.768 33.769 33.770 33.770 33.771 33.772 33.772 33.773 33.773 33.773 33.773 33.773 33.773 33.773 33.772 33.772 33.772 33.771 33.771 33.770 33.769 33.768 33.766 33.764 33.760 33.757 33.753 33.748 33.742 33.736 33.730 33.724 33.718 33.713 33.709 33.705 33.701 33.698 33.694 33.691 33.688 33.685 33.682 33.679 33.676 33.674 33.672 33.669 33.668 33.667 33.666 33.666 33.665 33.665 33.665 33.665 33.665
33.747 33.747 33.749 33.751 33.753 33.754 33.754 33.755 33.755 33.755 33.757 33.758 33.759 33.759 33.760 33.760 33.761 33.761 33.761 33.761 33.761 33.762 33.762 33.761 33.761 33.761 33.761 33.762 33.762 33.762 33.762 33.763 33.763 33.763 33.762 33.761 33.759 33.757 33.754 33.751 33.747 33.742 33.737 33.731 33.726 33.720 33.715 33.709 33.705 33.700 33.697 33.693 33.690 33.686 33.683 33.680 33.677 33.674 33.671 33.669 33.667 33.665 33.664 33.663 33.662 33.661 33.661 33.660 33.660 33.660 33.660
33.746 33.746 33.747 33.748 33.748 33.749 33.748 33.748 33.747 33.747 33.747 33.748 33.748 33.748 33.749 33.749 33.749 33.750 33.750 33.751 33.751 33.751 33.752 33.752 33.752 33.752 33.752 33.752 33.753 33.753 33.753 33.754 33.754 33.754 33.754 33.753 33.752 33.750 33.747 33.745 33.741 33.737 33.732 33.727 33.722 33.716 33.711 33.706 33.701 33.697 33.693 33.689 33.685 33.682 33.679 33.676 33.673 33.670 33.668 33.665 33.664 33.662 33.661 33.660 33.659 33.658 33.658 33.657 33.656 33.656 33.656
33.745 33.744 33.744 33.744 33.744 33.743 33.742 33.741 33.740 33.738 33.738 33.738 33.737 33.737 33.738 33.738 33.738 33.739 33.739 33.740 33.741 33.741 33.742 33.742 33.742 33.742 33.743 33.743 33.743 33.744 33.745 33.745 33.746 33.746 33.746 33.745 33.744 33.743 33.741 33.739 33.735 33.732 33.727 33.723 33.718 33.713 33.708 33.703 33.698 33.693 33.689 33.685 33.681 33.678 33.674 33.671 33.669 33.666 33.664 33.662 33.661 33.659 33.659 33.658 33.657 33.656 33.655 33.654 33.653 33.652 33.651
33.749 33.748 33.747 33.745 33.744 33.743 33.742 33.740 33.738 33.737 33.736 33.736 33.735 33.735 33.735 33.735 33.736 33.736 33.737 33.738 33.738 33.739 33.739 33.740 33.740 33.740 33.741 33.741 33.741 33.741 33.741 33.741 33.741 33.741 33.740 33.740 33.738 33.737 33.735 33.732 33.729 33.726 33.721 33.717 33.713 33.708 33.704 33.699 33.694 33.690 33.686 33.682 33.678 33.674 33.671 33.668 33.665 33.662 33.660 33.658 33.657 33.655 33.654 33.653 33.652 33.650 33.649 33.648 33.647 33.646 33.645
33.753 33.751 33.749 33.747 33.745 33.743 33.741 33.739 33.737 33.735 33.734 33.733 33.733 33.732 33.733 33.733 33.733 33.734 33.735 33.735 33.736 33.736 33.737 33.737 33.738 33.739 33.739 33.739 33.738 33.738 33.738 33.737 33.737 33.736 33.735 33.734 33.733 33.731 33.729 33.726 33.723 33.720 33.716 33.712 33.708 33.704 33.699 33.695 33.691 33.687 33.683 33.679 33.675 33.671 33.668 33.664 33.661 33.659 33.657 33.654 33.653 33.651 33.650 33.648 33.647 33.645 33.644 33.643 33.641 33.640 33.639
33.756 33.753 33.750 33.747 33.744 33.741 33.738 33.735 33.733 33.730 33.729 33.727 33.727 33.726 33.727 33.727 33.728 33.730 33.731 33.732 33.733 33.734 33.735 33.735 33.735 33.736 33.735 33.735 33.734 33.734 33.733 33.732 33.731 33.730 33.729 33.727 33.726 33.724 33.721 33.719 33.716 33.713 33.709 33.705 33.702 33.698 33.694 33.690 33.686 33.682 33.679 33.675 33.671 33.667 33.664 33.661 33.658 33.655 33.653 33.651 33.649 33.647 33.645 33.644 33.642 33.641 33.639 33.638 33.637 33.636 33.635
